,WTON,WTOF,PHOT,HROR
2030-01-01 00:00:00,0.0557,0.1596147001934236,0.0,0.095299408
2030-01-01 01:00:00,0.0536,0.1341992263056093,0.0,0.095270675
2030-01-01 02:00:00,0.052000000000000005,0.11498858800773694,0.0,0.095241942
2030-01-01 03:00:00,0.0473,0.10390580270793036,0.0,0.09521320900000001
2030-01-01 04:00:00,0.0409,0.09531315280464216,0.0,0.09518447599999999
2030-01-01 05:00:00,0.0355,0.08584158607350097,0.0,0.09515574199999999
2030-01-01 06:00:00,0.0314,0.07359555125725338,0.0077,0.095127009
2030-01-01 07:00:00,0.0259,0.05513268858800774,0.1228,0.095098276
2030-01-01 08:00:00,0.012400000000000001,0.03770715667311412,0.2782,0.095069543
2030-01-01 09:00:00,0.0074,0.03329187620889749,0.3949,0.095040809
2030-01-01 10:00:00,0.0171,0.032907930367504834,0.461,0.095012076
2030-01-01 11:00:00,0.0264,0.03588568665377176,0.4749,0.09498334300000001
2030-01-01 12:00:00,0.03269999999999999,0.040325145067698256,0.4345,0.09495461
2030-01-01 13:00:00,0.034,0.04342591876208897,0.3405,0.09492587699999999
2030-01-01 14:00:00,0.0318,0.04599419729206964,0.1895,0.094897143
2030-01-01 15:00:00,0.0237,0.05347601547388781,0.0214,0.09486841
2030-01-01 16:00:00,0.0199,0.052769439071566726,0.0,0.094839677
2030-01-01 17:00:00,0.0225,0.04512224371373308,0.0,0.09481094400000001
2030-01-01 18:00:00,0.030399999999999996,0.03564429400386847,0.0,0.09478221
2030-01-01 19:00:00,0.0472,0.027984912959381048,0.0,0.09475347699999999
2030-01-01 20:00:00,0.0679,0.02442882011605416,0.0,0.094724744
2030-01-01 21:00:00,0.0869,0.02516731141199226,0.0,0.094696011
2030-01-01 22:00:00,0.10230000000000002,0.027497485493230178,0.0,0.094667277
2030-01-01 23:00:00,0.1162,0.027513152804642168,0.0,0.094638544
2030-01-02 00:00:00,0.13079999999999997,0.028556286266924566,0.0,0.094609811
2030-01-02 01:00:00,0.1469,0.030011798839458415,0.0,0.094591849
2030-01-02 02:00:00,0.16699999999999998,0.031782591876208896,0.0,0.094573887
2030-01-02 03:00:00,0.1864,0.029211798839458413,0.0,0.094555924
2030-01-02 04:00:00,0.20790000000000003,0.02457678916827853,0.0,0.09453796199999999
2030-01-02 05:00:00,0.2339,0.023773114119922632,0.0,0.09452
2030-01-02 06:00:00,0.2566,0.025949323017408123,0.0067,0.09450203800000001
2030-01-02 07:00:00,0.2415,0.026780657640232106,0.0713,0.094484075
2030-01-02 08:00:00,0.19109999999999996,0.02453365570599613,0.1543,0.094466113
2030-01-02 09:00:00,0.2366,0.030173887814313346,0.2247,0.094448151
2030-01-02 10:00:00,0.2328,0.03903152804642167,0.2664,0.094430189
2030-01-02 11:00:00,0.2333,0.054567891682785294,0.2724,0.094412226
2030-01-02 12:00:00,0.2322,0.07348781431334622,0.2441,0.094394264
2030-01-02 13:00:00,0.22760000000000002,0.08399168278529981,0.1834,0.094376302
2030-01-02 14:00:00,0.1802,0.09078123791102514,0.0933,0.09435834
2030-01-02 15:00:00,0.1864,0.12007775628626692,0.0089,0.094340378
2030-01-02 16:00:00,0.2148,0.15289419729206963,0.0,0.094322415
2030-01-02 17:00:00,0.24810000000000001,0.17680928433268858,0.0,0.09430445300000001
2030-01-02 18:00:00,0.256,0.1975495164410058,0.0,0.094286491
2030-01-02 19:00:00,0.2336,0.21661798839458413,0.0,0.094268529
2030-01-02 20:00:00,0.24329999999999996,0.22536885880077367,0.0,0.094250566
2030-01-02 21:00:00,0.2553,0.2189760154738878,0.0,0.094232604
2030-01-02 22:00:00,0.2471,0.20052785299806578,0.0,0.09421464199999999
2030-01-02 23:00:00,0.2096,0.1750309477756286,0.0,0.09419668
2030-01-03 00:00:00,0.20099999999999998,0.1515914893617021,0.0,0.09417871800000001
2030-01-03 01:00:00,0.2036,0.12115938104448742,0.0,0.094172659
2030-01-03 02:00:00,0.19800000000000004,0.10593597678916829,0.0,0.0941666
2030-01-03 03:00:00,0.19779999999999998,0.1208439071566731,0.0,0.094160541
2030-01-03 04:00:00,0.182,0.17022282398452612,0.0,0.09415448300000001
2030-01-03 05:00:00,0.1609,0.19284274661508702,0.0,0.09414842400000001
2030-01-03 06:00:00,0.13700000000000004,0.19381044487427468,0.0038,0.094142365
2030-01-03 07:00:00,0.0987,0.20235396518375243,0.0705,0.09413630699999999
2030-01-03 08:00:00,0.08409999999999998,0.212631334622824,0.1938,0.09413024800000001
2030-01-03 09:00:00,0.0613,0.2299769825918762,0.295,0.094124189
2030-01-03 10:00:00,0.030399999999999996,0.190536750483559,0.3548,0.094118131
2030-01-03 11:00:00,0.019,0.14747466150870406,0.3622,0.09411207199999999
2030-01-03 12:00:00,0.0189,0.10909922630560928,0.3262,0.094106013
2030-01-03 13:00:00,0.0235,0.09357620889748548,0.2452,0.094099955
2030-01-03 14:00:00,0.0317,0.10560541586073502,0.1258,0.094093896
2030-01-03 15:00:00,0.0528,0.13928336557059962,0.016,0.094087837
2030-01-03 16:00:00,0.069,0.17650348162475823,0.0,0.094081779
2030-01-03 17:00:00,0.0778,0.2025441005802708,0.0,0.09407572
2030-01-03 18:00:00,0.0762,0.2209406189555126,0.0,0.094069661
2030-01-03 19:00:00,0.0658,0.2461237911025145,0.0,0.094063602
2030-01-03 20:00:00,0.0632,0.26710193423597683,0.0,0.094057544
2030-01-03 21:00:00,0.059,0.2630965183752418,0.0,0.094051485
2030-01-03 22:00:00,0.0526,0.29044255319148937,0.0,0.094045426
2030-01-03 23:00:00,0.045700000000000005,0.2873920696324952,0.0,0.09403936800000001
2030-01-04 00:00:00,0.0434,0.2780872340425532,0.0,0.09403330900000001
2030-01-04 01:00:00,0.0396,0.2658558994197292,0.0,0.09403467900000001
2030-01-04 02:00:00,0.0366,0.256847001934236,0.0,0.09403604900000001
2030-01-04 03:00:00,0.036,0.24859168278529983,0.0,0.094037419
2030-01-04 04:00:00,0.0414,0.2385081237911025,0.0,0.09403879
2030-01-04 05:00:00,0.05959999999999999,0.22463733075435202,0.0,0.09404016
2030-01-04 06:00:00,0.0895,0.2056336557059961,0.0043,0.09404153
2030-01-04 07:00:00,0.10439999999999999,0.16554951644100582,0.0673,0.0940429
2030-01-04 08:00:00,0.091,0.13106092843326886,0.1523,0.09404427
2030-01-04 09:00:00,0.1447,0.09820483558994196,0.2173,0.09404564
2030-01-04 10:00:00,0.2053,0.06390425531914894,0.2723,0.09404701
2030-01-04 11:00:00,0.24329999999999996,0.046712379110251445,0.2931,0.09404838
2030-01-04 12:00:00,0.2723,0.043245647969052226,0.2749,0.094049751
2030-01-04 13:00:00,0.2764,0.05440348162475822,0.2128,0.094051121
2030-01-04 14:00:00,0.215,0.0929852998065764,0.1162,0.094052491
2030-01-04 15:00:00,0.1783,0.1715531914893617,0.0163,0.094053861
2030-01-04 16:00:00,0.1674,0.2309936170212766,0.0,0.094055231
2030-01-04 17:00:00,0.1663,0.2426230174081238,0.0,0.09405660099999999
2030-01-04 18:00:00,0.1457,0.25549168278529977,0.0,0.09405797099999999
2030-01-04 19:00:00,0.13299999999999998,0.2699984526112185,0.0,0.09405934199999999
2030-01-04 20:00:00,0.1185,0.2679504835589942,0.0,0.09406071199999999
2030-01-04 21:00:00,0.0967,0.2469533849129594,0.0,0.09406208199999999
2030-01-04 22:00:00,0.0829,0.21502495164410057,0.0,0.09406345199999999
2030-01-04 23:00:00,0.0759,0.2109673114119923,0.0,0.09406482199999999
2030-01-05 00:00:00,0.0688,0.22450058027079303,0.0,0.09406619199999999
2030-01-05 01:00:00,0.062199999999999984,0.24164177949709867,0.0,0.09408573099999999
2030-01-05 02:00:00,0.07220000000000001,0.2510566731141199,0.0,0.094105269
2030-01-05 03:00:00,0.092,0.24223307543520312,0.0,0.09412480699999999
2030-01-05 04:00:00,0.0836,0.2395251450676983,0.0,0.094144345
2030-01-05 05:00:00,0.0642,0.24539941972920695,0.0,0.094163884
2030-01-05 06:00:00,0.0483,0.24017930367504836,0.0031,0.09418342199999999
2030-01-05 07:00:00,0.025300000000000003,0.22518529980657642,0.0588,0.09420296
2030-01-05 08:00:00,0.0104,0.1865019342359768,0.1733,0.094222498
2030-01-05 09:00:00,0.0483,0.1619073500967118,0.2923,0.09424203699999999
2030-01-05 10:00:00,0.1613,0.16156479690522244,0.3753,0.094261575
2030-01-05 11:00:00,0.2995,0.18748220502901355,0.4029,0.09428111300000001
2030-01-05 12:00:00,0.38630000000000003,0.2555127659574468,0.3768,0.094300652
2030-01-05 13:00:00,0.4518,0.31936943907156673,0.2978,0.09432019
2030-01-05 14:00:00,0.44040000000000007,0.37290522243713736,0.1545,0.09433972800000001
2030-01-05 15:00:00,0.4836,0.4584255319148936,0.0189,0.094359266
2030-01-05 16:00:00,0.6074,0.5748599613152805,0.0,0.094378805
2030-01-05 17:00:00,0.7053000000000001,0.6188957446808511,0.0,0.09439834300000001
2030-01-05 18:00:00,0.7803,0.642301160541586,0.0,0.094417881
2030-01-05 19:00:00,0.8296,0.7289818181818182,0.0,0.09443742
2030-01-05 20:00:00,0.8584000000000002,0.7708719535783366,0.0,0.09445695800000001
2030-01-05 21:00:00,0.8471,0.7631208897485493,0.0,0.094476496
2030-01-05 22:00:00,0.806,0.7763497098646035,0.0,0.094496034
2030-01-05 23:00:00,0.7166000000000001,0.8086934235976789,0.0,0.094515573
2030-01-06 00:00:00,0.5828,0.8085321083172147,0.0,0.09453511099999999
2030-01-06 01:00:00,0.4286,0.7988955512572533,0.0,0.094558284
2030-01-06 02:00:00,0.32669999999999993,0.8129938104448743,0.0,0.09458145800000001
2030-01-06 03:00:00,0.4369,0.8214510638297874,0.0,0.094604631
2030-01-06 04:00:00,0.7735000000000001,0.8479301740812379,0.0,0.094627805
2030-01-06 05:00:00,0.8713,0.9021955512572535,0.0,0.09465097800000001
2030-01-06 06:00:00,0.8754,0.9362938104448743,0.0009,0.094674152
2030-01-06 07:00:00,0.8752,0.9332601547388782,0.082,0.094697325
2030-01-06 08:00:00,0.8705,0.905144487427466,0.2187,0.094720499
2030-01-06 09:00:00,0.8354,0.8982303675048356,0.3281,0.09474367199999999
2030-01-06 10:00:00,0.8208,0.9183181818181819,0.3943,0.094766846
2030-01-06 11:00:00,0.8335,0.9046261121856867,0.4036,0.094790019
2030-01-06 12:00:00,0.8426,0.87674584139265,0.3659,0.094813193
2030-01-06 13:00:00,0.8446,0.8524696324951645,0.2894,0.09483636599999999
2030-01-06 14:00:00,0.8492999999999999,0.8792659574468085,0.1609,0.09485954
2030-01-06 15:00:00,0.8564,0.8944027079303675,0.0268,0.09488271300000001
2030-01-06 16:00:00,0.8542,0.8985050290135397,0.0,0.094905887
2030-01-06 17:00:00,0.8395999999999999,0.876829593810445,0.0,0.09492906
2030-01-06 18:00:00,0.8619,0.8467235976789169,0.0,0.09495223400000001
2030-01-06 19:00:00,0.8925,0.8223793036750484,0.0,0.094975407
2030-01-06 20:00:00,0.9083,0.7402943907156673,0.0,0.094998581
2030-01-06 21:00:00,0.9305,0.7270177949709865,0.0,0.095021754
2030-01-06 22:00:00,0.9164,0.7295907156673114,0.0,0.095044928
2030-01-06 23:00:00,0.8811,0.7078224371373307,0.0,0.095068101
2030-01-07 00:00:00,0.8522,0.6894640232108318,0.0,0.095091275
2030-01-07 01:00:00,0.8398,0.6783427466150871,0.0,0.095105047
2030-01-07 02:00:00,0.8319,0.6817106382978723,0.0,0.09511882
2030-01-07 03:00:00,0.8189,0.6689972920696325,0.0,0.095132593
2030-01-07 04:00:00,0.771,0.645724758220503,0.0,0.095146365
2030-01-07 05:00:00,0.7316,0.674600580270793,0.0,0.095160138
2030-01-07 06:00:00,0.6905,0.6358435203094778,0.009,0.09517391
2030-01-07 07:00:00,0.6624,0.5995926499032883,0.1651,0.09518768300000001
2030-01-07 08:00:00,0.8061000000000001,0.5986713733075436,0.3396,0.09520145599999999
2030-01-07 09:00:00,0.8203,0.5847191489361703,0.4528,0.09521522800000001
2030-01-07 10:00:00,0.7984,0.5676133462282399,0.5082,0.095229001
2030-01-07 11:00:00,0.7634,0.57217833655706,0.5164,0.095242774
2030-01-07 12:00:00,0.7196,0.5846586073500968,0.4753,0.095256546
2030-01-07 13:00:00,0.6533,0.5966015473887815,0.38,0.095270319
2030-01-07 14:00:00,0.5349999999999999,0.5913052224371373,0.2272,0.095284091
2030-01-07 15:00:00,0.4353,0.5606303675048355,0.0414,0.09529786400000001
2030-01-07 16:00:00,0.3658,0.5412500967117989,0.0,0.09531163699999999
2030-01-07 17:00:00,0.2934999999999999,0.5101789168278531,0.0,0.095325409
2030-01-07 18:00:00,0.2385,0.5018441005802708,0.0,0.095339182
2030-01-07 19:00:00,0.18,0.47865996131528044,0.0,0.095352955
2030-01-07 20:00:00,0.1226,0.4528773694390716,0.0,0.095366727
2030-01-07 21:00:00,0.0821,0.4287576402321083,0.0,0.0953805
2030-01-07 22:00:00,0.0688,0.4303804642166344,0.0,0.09539427199999999
2030-01-07 23:00:00,0.0721,0.4106640232108317,0.0,0.095408045
2030-01-08 00:00:00,0.07330000000000002,0.38501450676982596,0.0,0.095421818
2030-01-08 01:00:00,0.0818,0.37590251450676987,0.0,0.095430086
2030-01-08 02:00:00,0.0991,0.3821040618955513,0.0,0.095438354
2030-01-08 03:00:00,0.106,0.37606924564796906,0.0,0.09544662300000001
2030-01-08 04:00:00,0.1096,0.3396088974854932,0.0,0.095454891
2030-01-08 05:00:00,0.1144,0.2923704061895552,0.0,0.095463159
2030-01-08 06:00:00,0.1047,0.2647841392649903,0.0083,0.09547142800000001
2030-01-08 07:00:00,0.08019999999999998,0.25559323017408125,0.1326,0.095479696
2030-01-08 08:00:00,0.0857,0.247852417794971,0.2953,0.09548796400000001
2030-01-08 09:00:00,0.1827,0.260278916827853,0.4174,0.09549623300000001
2030-01-08 10:00:00,0.1916,0.27579671179883947,0.4858,0.09550450099999999
2030-01-08 11:00:00,0.19439999999999996,0.3066982591876209,0.4825,0.095512769
2030-01-08 12:00:00,0.1874,0.3362938104448743,0.4275,0.095521038
2030-01-08 13:00:00,0.1553,0.3484990328820116,0.33,0.095529306
2030-01-08 14:00:00,0.0977,0.33545512572533853,0.187,0.095537574
2030-01-08 15:00:00,0.08299999999999999,0.34305628626692464,0.0305,0.095545843
2030-01-08 16:00:00,0.0985,0.36920870406189554,0.0,0.095554111
2030-01-08 17:00:00,0.1043,0.36739555125725337,0.0,0.095562379
2030-01-08 18:00:00,0.1125,0.3540870406189555,0.0,0.09557064800000001
2030-01-08 19:00:00,0.1115,0.3300510638297873,0.0,0.095578916
2030-01-08 20:00:00,0.10730000000000002,0.29016421663442943,0.0,0.095587184
2030-01-08 21:00:00,0.1021,0.24943675048355898,0.0,0.09559545300000001
2030-01-08 22:00:00,0.1273,0.22657736943907156,0.0,0.095603721
2030-01-08 23:00:00,0.1509,0.2153624758220503,0.0,0.09561198900000001
2030-01-09 00:00:00,0.1484,0.21416479690522244,0.0,0.09562025800000001
2030-01-09 01:00:00,0.1283,0.22711353965183753,0.0,0.095623568
2030-01-09 02:00:00,0.12159999999999999,0.24005822050290132,0.0,0.095626879
2030-01-09 03:00:00,0.1061,0.25462630560928434,0.0,0.095630189
2030-01-09 04:00:00,0.1014,0.2753226305609284,0.0,0.09563350000000001
2030-01-09 05:00:00,0.11479999999999999,0.3000972920696325,0.0,0.09563681
2030-01-09 06:00:00,0.1544,0.316078916827853,0.0056,0.095640121
2030-01-09 07:00:00,0.1457,0.29988336557059964,0.1313,0.095643431
2030-01-09 08:00:00,0.2115,0.3126282398452611,0.2965,0.09564674199999999
2030-01-09 09:00:00,0.3825,0.3102936170212766,0.4152,0.095650052
2030-01-09 10:00:00,0.44310000000000005,0.28679323017408126,0.4763,0.095653363
2030-01-09 11:00:00,0.4784,0.2564257253384913,0.4843,0.09565667300000001
2030-01-09 12:00:00,0.5057,0.23996266924564796,0.4416,0.095659984
2030-01-09 13:00:00,0.4952,0.2609050290135397,0.3491,0.09566329400000001
2030-01-09 14:00:00,0.4250999999999999,0.28073249516441007,0.2029,0.095666605
2030-01-09 15:00:00,0.4135,0.32251972920696326,0.037,0.095669915
2030-01-09 16:00:00,0.4172,0.37078762088974854,0.0,0.095673226
2030-01-09 17:00:00,0.3838,0.36377620889748546,0.0,0.09567653599999999
2030-01-09 18:00:00,0.3642,0.3610493230174081,0.0,0.095679847
2030-01-09 19:00:00,0.3847,0.38253056092843324,0.0,0.09568315699999999
2030-01-09 20:00:00,0.3975000000000001,0.37663268858800775,0.0,0.09568646800000001
2030-01-09 21:00:00,0.4043,0.383899419729207,0.0,0.095689778
2030-01-09 22:00:00,0.4322,0.37096324951644105,0.0,0.09569308900000001
2030-01-09 23:00:00,0.4047,0.3640752417794972,0.0,0.095696399
2030-01-10 00:00:00,0.35469999999999996,0.3538883945841393,0.0,0.09569971
2030-01-10 01:00:00,0.3241,0.3555713733075435,0.0,0.095697405
2030-01-10 02:00:00,0.30889999999999995,0.3622235976789168,0.0,0.0956951
2030-01-10 03:00:00,0.29250000000000004,0.3729398452611219,0.0,0.095692796
2030-01-10 04:00:00,0.2473,0.395041586073501,0.0,0.095690491
2030-01-10 05:00:00,0.1967,0.4240352030947776,0.0,0.095688186
2030-01-10 06:00:00,0.1395,0.42823249516441003,0.0084,0.095685881
2030-01-10 07:00:00,0.0812,0.391851837524178,0.158,0.09568357699999999
2030-01-10 08:00:00,0.0673,0.4113280464216635,0.3268,0.095681272
2030-01-10 09:00:00,0.0935,0.42128085106382984,0.4359,0.09567896699999999
2030-01-10 10:00:00,0.0965,0.41629090909090904,0.4956,0.09567666300000001
2030-01-10 11:00:00,0.1054,0.4124164410058027,0.4993,0.095674358
2030-01-10 12:00:00,0.105,0.39349883945841396,0.4435,0.095672053
2030-01-10 13:00:00,0.0859,0.3676922630560928,0.3373,0.095669749
2030-01-10 14:00:00,0.0567,0.34124352030947774,0.1926,0.095667444
2030-01-10 15:00:00,0.0533,0.3220444874274661,0.0389,0.09566513900000001
2030-01-10 16:00:00,0.08129999999999998,0.30495531914893614,0.0,0.095662835
2030-01-10 17:00:00,0.1342,0.2903139264990329,0.0,0.09566053
2030-01-10 18:00:00,0.14550000000000002,0.2880678916827853,0.0,0.095658225
2030-01-10 19:00:00,0.1965,0.29032301740812383,0.0,0.09565592099999999
2030-01-10 20:00:00,0.2566,0.28155183752417795,0.0,0.095653616
2030-01-10 21:00:00,0.2596,0.27674429400386846,0.0,0.095651311
2030-01-10 22:00:00,0.2897,0.2767487427466151,0.0,0.095649007
2030-01-10 23:00:00,0.2999,0.26980502901353964,0.0,0.09564670199999999
2030-01-11 00:00:00,0.2841,0.2599622823984526,0.0,0.09564439699999999
2030-01-11 01:00:00,0.27479999999999993,0.24806305609284338,0.0,0.095638925
2030-01-11 02:00:00,0.2622,0.23250851063829786,0.0,0.095633452
2030-01-11 03:00:00,0.2621,0.2238266924564797,0.0,0.095627979
2030-01-11 04:00:00,0.2663,0.22440483558994195,0.0,0.095622507
2030-01-11 05:00:00,0.2984,0.22719245647969052,0.0,0.095617034
2030-01-11 06:00:00,0.3268,0.23892030947775628,0.0086,0.095611562
2030-01-11 07:00:00,0.2971,0.2194982591876209,0.1545,0.095606089
2030-01-11 08:00:00,0.3536,0.19879516441005804,0.3203,0.095600616
2030-01-11 09:00:00,0.5124000000000001,0.1784147001934236,0.4453,0.095595144
2030-01-11 10:00:00,0.4645,0.13719864603481624,0.5066,0.095589671
2030-01-11 11:00:00,0.4101000000000001,0.11292069632495165,0.5173,0.09558419800000001
2030-01-11 12:00:00,0.37970000000000004,0.10953307543520309,0.4753,0.095578726
2030-01-11 13:00:00,0.365,0.12009922630560929,0.3798,0.09557325300000001
2030-01-11 14:00:00,0.3193,0.13453694390715668,0.2259,0.09556778099999999
2030-01-11 15:00:00,0.3156999999999999,0.16454158607350097,0.0432,0.09556230800000001
2030-01-11 16:00:00,0.3485,0.21188762088974852,0.0,0.095556835
2030-01-11 17:00:00,0.3406,0.25146460348162475,0.0,0.09555136300000001
2030-01-11 18:00:00,0.28229999999999994,0.2678504835589942,0.0,0.09554589
2030-01-11 19:00:00,0.20549999999999996,0.2623036750483559,0.0,0.095540418
2030-01-11 20:00:00,0.1785,0.24656150870406188,0.0,0.095534945
2030-01-11 21:00:00,0.1769,0.22473713733075434,0.0,0.09552947199999999
2030-01-11 22:00:00,0.191,0.22090599613152803,0.0,0.095524
2030-01-11 23:00:00,0.206,0.2113934235976789,0.0,0.09551852699999999
2030-01-12 00:00:00,0.212,0.19795822050290132,0.0,0.095513054
2030-01-12 01:00:00,0.2063,0.19392533849129592,0.0,0.095503361
2030-01-12 02:00:00,0.1929,0.20139400386847198,0.0,0.09549366699999999
2030-01-12 03:00:00,0.1757,0.20346015473887816,0.0,0.09548397300000001
2030-01-12 04:00:00,0.15990000000000001,0.20080328820116056,0.0,0.09547427900000001
2030-01-12 05:00:00,0.132,0.19187040618955517,0.0,0.095464585
2030-01-12 06:00:00,0.1024,0.1717125725338491,0.0121,0.095454891
2030-01-12 07:00:00,0.0631,0.13266769825918762,0.1617,0.095445197
2030-01-12 08:00:00,0.0518,0.10187040618955512,0.3126,0.095435503
2030-01-12 09:00:00,0.0613,0.08073191489361702,0.4155,0.095425809
2030-01-12 10:00:00,0.0454,0.06787949709864603,0.4744,0.095416115
2030-01-12 11:00:00,0.0322,0.06835744680851065,0.4867,0.09540642199999999
2030-01-12 12:00:00,0.029700000000000004,0.07443655705996131,0.4471,0.09539672800000001
2030-01-12 13:00:00,0.0284,0.07872630560928434,0.3573,0.09538703400000001
2030-01-12 14:00:00,0.018699999999999998,0.07679613152804642,0.211,0.09537734
2030-01-12 15:00:00,0.014699999999999998,0.07732591876208897,0.0383,0.095367646
2030-01-12 16:00:00,0.0365,0.07257775628626692,0.0,0.095357952
2030-01-12 17:00:00,0.0934,0.06423578336557059,0.0,0.095348258
2030-01-12 18:00:00,0.16149999999999998,0.06433365570599614,0.0,0.095338564
2030-01-12 19:00:00,0.2582,0.07401798839458415,0.0,0.09532887
2030-01-12 20:00:00,0.3166,0.0812485493230174,0.0,0.09531917599999999
2030-01-12 21:00:00,0.33460000000000006,0.08474990328820116,0.0,0.09530948300000001
2030-01-12 22:00:00,0.3586,0.09852707930367506,0.0,0.09529978900000001
2030-01-12 23:00:00,0.3765,0.11698046421663444,0.0,0.095290095
2030-01-13 00:00:00,0.3935,0.12517872340425532,0.0,0.095280401
2030-01-13 01:00:00,0.3875,0.14210232108317214,0.0,0.095266042
2030-01-13 02:00:00,0.3987,0.14767620889748548,0.0,0.095251683
2030-01-13 03:00:00,0.40509999999999996,0.15754777562862668,0.0,0.095237325
2030-01-13 04:00:00,0.415,0.16181624758220503,0.0,0.09522296599999999
2030-01-13 05:00:00,0.4439,0.1568595744680851,0.0,0.09520860699999999
2030-01-13 06:00:00,0.4364,0.15204990328820114,0.008,0.09519424900000001
2030-01-13 07:00:00,0.3952,0.13849013539651836,0.0957,0.09517989
2030-01-13 08:00:00,0.3645,0.12357756286266924,0.2204,0.095165531
2030-01-13 09:00:00,0.40509999999999996,0.16911992263056094,0.3341,0.095151173
2030-01-13 10:00:00,0.3992,0.20577001934235978,0.4106,0.095136814
2030-01-13 11:00:00,0.404,0.2455058027079304,0.4337,0.095122455
2030-01-13 12:00:00,0.40790000000000004,0.2786276595744681,0.4033,0.095108096
2030-01-13 13:00:00,0.3971,0.296557833655706,0.3226,0.09509373800000001
2030-01-13 14:00:00,0.3445,0.283552998065764,0.1844,0.095079379
2030-01-13 15:00:00,0.3149,0.2717860735009671,0.0358,0.09506502
2030-01-13 16:00:00,0.3468,0.27593984526112186,0.0,0.095050662
2030-01-13 17:00:00,0.3534,0.26265435203094784,0.0,0.095036303
2030-01-13 18:00:00,0.35619999999999996,0.2481570599613153,0.0,0.095021944
2030-01-13 19:00:00,0.3469,0.23960715667311414,0.0,0.09500758599999999
2030-01-13 20:00:00,0.30959999999999993,0.23361025145067701,0.0,0.09499322699999999
2030-01-13 21:00:00,0.2672,0.23271508704061897,0.0,0.09497886800000001
2030-01-13 22:00:00,0.24240000000000003,0.2502324951644101,0.0,0.09496451
2030-01-13 23:00:00,0.2131,0.28473752417794973,0.0,0.094950151
2030-01-14 00:00:00,0.1636,0.3298705996131528,0.0,0.09493579199999999
2030-01-14 01:00:00,0.1304,0.39357369439071566,0.0,0.094921639
2030-01-14 02:00:00,0.1271,0.41429284332688593,0.0,0.094907487
2030-01-14 03:00:00,0.1271,0.4056911025145068,0.0,0.09489333400000001
2030-01-14 04:00:00,0.1175,0.38946208897485496,0.0,0.09487918099999999
2030-01-14 05:00:00,0.1475,0.3698206963249516,0.0,0.094865028
2030-01-14 06:00:00,0.2061,0.34934990328820115,0.0033,0.094850875
2030-01-14 07:00:00,0.2279,0.3019139264990329,0.1264,0.09483672300000001
2030-01-14 08:00:00,0.32050000000000006,0.28160019342359766,0.2808,0.09482257
2030-01-14 09:00:00,0.3545,0.2507036750483559,0.3967,0.09480841699999999
2030-01-14 10:00:00,0.2952000000000001,0.22175725338491295,0.4658,0.094794264
2030-01-14 11:00:00,0.2374,0.20366421663442938,0.4865,0.09478011199999999
2030-01-14 12:00:00,0.19219999999999998,0.18970174081237912,0.4479,0.094765959
2030-01-14 13:00:00,0.16149999999999998,0.17334835589941974,0.3568,0.094751806
2030-01-14 14:00:00,0.13969999999999996,0.15605222437137328,0.2122,0.094737653
2030-01-14 15:00:00,0.1625,0.1650558994197292,0.0433,0.0947235
2030-01-14 16:00:00,0.18500000000000003,0.17121586073500966,0.0,0.09470934800000001
2030-01-14 17:00:00,0.16039999999999996,0.1628560928433269,0.0,0.094695195
2030-01-14 18:00:00,0.1371,0.1543889748549323,0.0,0.09468104199999999
2030-01-14 19:00:00,0.1168,0.1460338491295938,0.0,0.094666889
2030-01-14 20:00:00,0.0976,0.14133056092843327,0.0,0.09465273699999999
2030-01-14 21:00:00,0.0648,0.12741508704061896,0.0,0.094638584
2030-01-14 22:00:00,0.0386,0.10998317214700191,0.0,0.094624431
2030-01-14 23:00:00,0.022399999999999996,0.09934700193423597,0.0,0.094610278
2030-01-15 00:00:00,0.0172,0.09216305609284334,0.0,0.094596125
2030-01-15 01:00:00,0.0172,0.08576595744680851,0.0,0.094580365
2030-01-15 02:00:00,0.0244,0.08171702127659576,0.0,0.09456460400000001
2030-01-15 03:00:00,0.030600000000000002,0.09045725338491296,0.0,0.094548844
2030-01-15 04:00:00,0.0378,0.10235628626692457,0.0,0.094533083
2030-01-15 05:00:00,0.04009999999999999,0.10532495164410058,0.0,0.09451732300000001
2030-01-15 06:00:00,0.0382,0.1028504835589942,0.0116,0.094501562
2030-01-15 07:00:00,0.0322,0.08624158607350098,0.1678,0.094485802
2030-01-15 08:00:00,0.05170000000000001,0.07531121856866538,0.3221,0.09447004099999999
2030-01-15 09:00:00,0.0943,0.06767176015473889,0.433,0.094454281
2030-01-15 10:00:00,0.0967,0.06017059961315281,0.4885,0.09443852
2030-01-15 11:00:00,0.0905,0.05815415860735009,0.4925,0.09442276
2030-01-15 12:00:00,0.0901,0.058112185686653765,0.4545,0.094406999
2030-01-15 13:00:00,0.0924,0.05876363636363637,0.3609,0.094391239
2030-01-15 14:00:00,0.0879,0.05542417794970986,0.2137,0.09437547800000001
2030-01-15 15:00:00,0.0954,0.06294758220502902,0.0409,0.09435971800000001
2030-01-15 16:00:00,0.0964,0.06859400386847196,0.0,0.09434395699999999
2030-01-15 17:00:00,0.08519999999999998,0.06897833655705995,0.0,0.09432819699999999
2030-01-15 18:00:00,0.07039999999999999,0.06347756286266926,0.0,0.094312436
2030-01-15 19:00:00,0.0566,0.06178375241779497,0.0,0.094296676
2030-01-15 20:00:00,0.0468,0.0629936170212766,0.0,0.094280915
2030-01-15 21:00:00,0.037200000000000004,0.07533423597678918,0.0,0.094265155
2030-01-15 22:00:00,0.03269999999999999,0.096063249516441,0.0,0.094249394
2030-01-15 23:00:00,0.0316,0.1162276595744681,0.0,0.09423363400000001
2030-01-16 00:00:00,0.0339,0.13719864603481624,0.0,0.09421787300000001
2030-01-16 01:00:00,0.0403,0.15195899419729209,0.0,0.09419549199999999
2030-01-16 02:00:00,0.0527,0.16552882011605416,0.0,0.09417311
2030-01-16 03:00:00,0.071,0.18881953578336558,0.0,0.094150729
2030-01-16 04:00:00,0.0952,0.21825957446808514,0.0,0.09412834699999999
2030-01-16 05:00:00,0.12309999999999999,0.23673017408123792,0.0,0.094105966
2030-01-16 06:00:00,0.1389,0.2541147001934236,0.0112,0.094083584
2030-01-16 07:00:00,0.11899999999999998,0.2810684719535783,0.1438,0.09406120300000001
2030-01-16 08:00:00,0.2027,0.3529889748549323,0.287,0.094038821
2030-01-16 09:00:00,0.2304,0.3735916827852998,0.3805,0.09401644
2030-01-16 10:00:00,0.2237,0.36590696324951644,0.4328,0.093994058
2030-01-16 11:00:00,0.2134,0.35276750483558994,0.4411,0.09397167699999999
2030-01-16 12:00:00,0.2004,0.3479605415860735,0.4012,0.093949295
2030-01-16 13:00:00,0.1899,0.36029825918762093,0.3171,0.093926914
2030-01-16 14:00:00,0.169,0.3980092843326886,0.1851,0.093904532
2030-01-16 15:00:00,0.1718,0.42948529980657646,0.0354,0.093882151
2030-01-16 16:00:00,0.1808,0.4919932301740813,0.0,0.09385976900000001
2030-01-16 17:00:00,0.1657,0.5262520309477756,0.0,0.09383738800000001
2030-01-16 18:00:00,0.1437,0.5297419729206964,0.0,0.09381500599999999
2030-01-16 19:00:00,0.12120000000000002,0.5156419729206964,0.0,0.093792625
2030-01-16 20:00:00,0.1058,0.49462727272727275,0.0,0.093770243
2030-01-16 21:00:00,0.0929,0.4349702127659574,0.0,0.09374786199999999
2030-01-16 22:00:00,0.0713,0.35925860735009674,0.0,0.09372548
2030-01-16 23:00:00,0.0507,0.3094796905222438,0.0,0.093703099
2030-01-17 00:00:00,0.0407,0.27281914893617026,0.0,0.093680717
2030-01-17 01:00:00,0.039,0.23785241779497096,0.0,0.09365337
2030-01-17 02:00:00,0.0416,0.20375357833655708,0.0,0.093626023
2030-01-17 03:00:00,0.046,0.20311121856866537,0.0,0.093598675
2030-01-17 04:00:00,0.0488,0.2169485493230174,0.0,0.09357132800000001
2030-01-17 05:00:00,0.0477,0.221220502901354,0.0,0.093543981
2030-01-17 06:00:00,0.047,0.21487485493230177,0.012,0.093516634
2030-01-17 07:00:00,0.0434,0.1919232108317215,0.1621,0.09348928599999999
2030-01-17 08:00:00,0.11899999999999998,0.17962456479690522,0.3289,0.09346193900000001
2030-01-17 09:00:00,0.13590000000000002,0.1396990328820116,0.4504,0.093434592
2030-01-17 10:00:00,0.1235,0.0941274661508704,0.5198,0.093407245
2030-01-17 11:00:00,0.1143,0.06904294003868472,0.5378,0.09337989699999999
2030-01-17 12:00:00,0.1066,0.05686363636363636,0.4928,0.09335255
2030-01-17 13:00:00,0.09719999999999998,0.05175957446808511,0.3969,0.09332520300000001
2030-01-17 14:00:00,0.0838,0.053637330754352036,0.2389,0.093297856
2030-01-17 15:00:00,0.08129999999999998,0.07404371373307544,0.0527,0.093270508
2030-01-17 16:00:00,0.079,0.0988862669245648,0.0,0.09324316099999999
2030-01-17 17:00:00,0.06819999999999998,0.1172955512572534,0.0,0.09321581400000001
2030-01-17 18:00:00,0.0559,0.12516750483558994,0.0,0.093188467
2030-01-17 19:00:00,0.04710000000000001,0.12541528046421663,0.0,0.093161119
2030-01-17 20:00:00,0.0405,0.12429477756286267,0.0,0.09313377199999999
2030-01-17 21:00:00,0.0333,0.11412417794970986,0.0,0.093106425
2030-01-17 22:00:00,0.0271,0.10122108317214701,0.0,0.09307907800000001
2030-01-17 23:00:00,0.024299999999999995,0.09368994197292072,0.0,0.09305173
2030-01-18 00:00:00,0.0237,0.09436615087040619,0.0,0.093024383
2030-01-18 01:00:00,0.0239,0.09799381044487429,0.0,0.09299116699999999
2030-01-18 02:00:00,0.025300000000000003,0.10045725338491296,0.0,0.092957951
2030-01-18 03:00:00,0.0265,0.10463907156673113,0.0,0.092924735
2030-01-18 04:00:00,0.0283,0.11044216634429402,0.0,0.09289152
2030-01-18 05:00:00,0.0324,0.11749013539651836,0.0,0.092858304
2030-01-18 06:00:00,0.03830000000000001,0.1254990328820116,0.0135,0.09282508800000001
2030-01-18 07:00:00,0.0345,0.11968085106382978,0.1733,0.092791872
2030-01-18 08:00:00,0.0316,0.10162862669245647,0.3343,0.092758656
2030-01-18 09:00:00,0.0565,0.09203036750483559,0.4511,0.09272544
2030-01-18 10:00:00,0.0692,0.07993172147001933,0.5126,0.092692224
2030-01-18 11:00:00,0.0758,0.07347911025145068,0.5208,0.092659008
2030-01-18 12:00:00,0.0765,0.0699301740812379,0.4751,0.09262579300000001
2030-01-18 13:00:00,0.0652,0.06714255319148935,0.3816,0.092592577
2030-01-18 14:00:00,0.0527,0.06681334622823984,0.2339,0.09255936099999999
2030-01-18 15:00:00,0.0442,0.07738278529980656,0.0543,0.092526145
2030-01-18 16:00:00,0.0384,0.08956208897485492,0.0,0.092492929
2030-01-18 17:00:00,0.0377,0.09678878143133464,0.0,0.09245971300000001
2030-01-18 18:00:00,0.036199999999999996,0.09582417794970986,0.0,0.092426497
2030-01-18 19:00:00,0.029799999999999997,0.09111392649903287,0.0,0.092393282
2030-01-18 20:00:00,0.0228,0.08642514506769826,0.0,0.09236006599999999
2030-01-18 21:00:00,0.0196,0.08928781431334622,0.0,0.09232685
2030-01-18 22:00:00,0.021299999999999996,0.09660019342359769,0.0,0.092293634
2030-01-18 23:00:00,0.0259,0.10680348162475822,0.0,0.09226041800000001
2030-01-19 00:00:00,0.030399999999999996,0.11740309477756287,0.0,0.092227202
2030-01-19 01:00:00,0.037399999999999996,0.12566943907156675,0.0,0.092192624
2030-01-19 02:00:00,0.0436,0.13591160541586073,0.0,0.092158046
2030-01-19 03:00:00,0.0464,0.14831315280464216,0.0,0.09212346800000001
2030-01-19 04:00:00,0.052000000000000005,0.15835841392649905,0.0,0.09208889
2030-01-19 05:00:00,0.0701,0.16393152804642167,0.0,0.092054312
2030-01-19 06:00:00,0.1028,0.16107369439071567,0.0155,0.092019734
2030-01-19 07:00:00,0.1161,0.12905764023210833,0.1185,0.091985156
2030-01-19 08:00:00,0.13990000000000002,0.08865067698259187,0.2321,0.091950578
2030-01-19 09:00:00,0.1994,0.07347466150870406,0.32,0.091915999
2030-01-19 10:00:00,0.2169,0.07016286266924564,0.3823,0.09188142099999999
2030-01-19 11:00:00,0.2327,0.06750077369439071,0.3988,0.09184684300000001
2030-01-19 12:00:00,0.2531,0.07373829787234042,0.3533,0.091812265
2030-01-19 13:00:00,0.26669999999999994,0.09209206963249517,0.2632,0.091777687
2030-01-19 14:00:00,0.24570000000000003,0.11253829787234042,0.1447,0.091743109
2030-01-19 15:00:00,0.2956,0.14075570599613152,0.0259,0.091708531
2030-01-19 16:00:00,0.3806,0.18460502901353967,0.0,0.091673953
2030-01-19 17:00:00,0.4364,0.2130263056092843,0.0,0.091639375
2030-01-19 18:00:00,0.467,0.23260812379110252,0.0,0.09160479699999999
2030-01-19 19:00:00,0.522,0.2452191489361702,0.0,0.09157021900000001
2030-01-19 20:00:00,0.5344,0.2558657640232108,0.0,0.091535641
2030-01-19 21:00:00,0.5892,0.25579032882011604,0.0,0.09150106300000001
2030-01-19 22:00:00,0.6033,0.2460928433268859,0.0,0.091466484
2030-01-19 23:00:00,0.6404,0.24108839458413922,0.0,0.091431906
2030-01-20 00:00:00,0.6624,0.23652843326885878,0.0,0.09139732800000001
2030-01-20 01:00:00,0.6717,0.23189419729206961,0.0,0.091362014
2030-01-20 02:00:00,0.6866,0.23561624758220504,0.0,0.091326699
2030-01-20 03:00:00,0.6786,0.26593752417794975,0.0,0.091291384
2030-01-20 04:00:00,0.6761,0.3173588007736944,0.0,0.09125607
2030-01-20 05:00:00,0.6489,0.38082166344294005,0.0,0.091220755
2030-01-20 06:00:00,0.577,0.41522379110251456,0.0061,0.09118544099999999
2030-01-20 07:00:00,0.5189,0.4193990328820116,0.0763,0.091150126
2030-01-20 08:00:00,0.5389,0.4430663442940038,0.175,0.09111481099999999
2030-01-20 09:00:00,0.6024,0.49187117988394585,0.2695,0.091079497
2030-01-20 10:00:00,0.6161,0.5174396518375242,0.3342,0.09104418199999999
2030-01-20 11:00:00,0.6036,0.5464477756286267,0.3474,0.091008867
2030-01-20 12:00:00,0.6299,0.5705413926499033,0.3162,0.09097355300000001
2030-01-20 13:00:00,0.6447,0.5610346228239845,0.244,0.090938238
2030-01-20 14:00:00,0.648,0.5451143133462282,0.1422,0.09090292400000001
2030-01-20 15:00:00,0.6908999999999998,0.5882174081237912,0.0283,0.090867609
2030-01-20 16:00:00,0.6847,0.638495744680851,0.0,0.09083229400000001
2030-01-20 17:00:00,0.6217,0.637498839458414,0.0,0.09079698
2030-01-20 18:00:00,0.5342,0.6275323017408124,0.0,0.090761665
2030-01-20 19:00:00,0.4576,0.6104152804642167,0.0,0.09072635
2030-01-20 20:00:00,0.3842,0.5799825918762088,0.0,0.090691036
2030-01-20 21:00:00,0.30739999999999995,0.5810878143133462,0.0,0.090655721
2030-01-20 22:00:00,0.24769999999999998,0.640499419729207,0.0,0.090620406
2030-01-20 23:00:00,0.2596,0.6854042553191491,0.0,0.09058509199999999
2030-01-21 00:00:00,0.3083,0.6771518375241778,0.0,0.090549777
2030-01-21 01:00:00,0.21240000000000003,0.6522303675048355,0.0,0.090515025
2030-01-21 02:00:00,0.08530000000000001,0.6157874274661509,0.0,0.09048027300000001
2030-01-21 03:00:00,0.0501,0.582084912959381,0.0,0.09044552
2030-01-21 04:00:00,0.0249,0.5527479690522243,0.0,0.090410768
2030-01-21 05:00:00,0.0101,0.5032330754352031,0.0,0.09037601599999999
2030-01-21 06:00:00,0.0058,0.4563957446808511,0.0057,0.090341263
2030-01-21 07:00:00,0.0074,0.42700947775628634,0.1286,0.09030651099999999
2030-01-21 08:00:00,0.0219,0.49820618955512574,0.285,0.09027175900000001
2030-01-21 09:00:00,0.029000000000000005,0.5178234042553191,0.4058,0.090237006
2030-01-21 10:00:00,0.03,0.4990835589941974,0.4714,0.09020225400000001
2030-01-21 11:00:00,0.0353,0.46010000000000006,0.4826,0.090167502
2030-01-21 12:00:00,0.0561,0.41752475822050295,0.4503,0.090132749
2030-01-21 13:00:00,0.0862,0.37297833655706,0.365,0.090097997
2030-01-21 14:00:00,0.0751,0.3149620889748549,0.2262,0.090063245
2030-01-21 15:00:00,0.0467,0.25809555125725336,0.0525,0.09002849199999999
2030-01-21 16:00:00,0.0284,0.22799613152804643,0.0,0.08999374
2030-01-21 17:00:00,0.0163,0.19992127659574468,0.0,0.089958988
2030-01-21 18:00:00,0.0158,0.1880771760154739,0.0,0.08992423599999999
2030-01-21 19:00:00,0.030900000000000004,0.18057079303675047,0.0,0.089889483
2030-01-21 20:00:00,0.075,0.17020773694390715,0.0,0.089854731
2030-01-21 21:00:00,0.1461,0.15153230174081236,0.0,0.08981997900000001
2030-01-21 22:00:00,0.23619999999999997,0.12894274661508703,0.0,0.089785226
2030-01-21 23:00:00,0.33109999999999995,0.1226907156673114,0.0,0.08975047400000001
2030-01-22 00:00:00,0.409,0.13616827852998065,0.0,0.089715722
2030-01-22 01:00:00,0.4734,0.15961083172147,0.0,0.089679853
2030-01-22 02:00:00,0.5037,0.1892309477756286,0.0,0.08964398400000001
2030-01-22 03:00:00,0.49589999999999995,0.22541353965183752,0.0,0.089608115
2030-01-22 04:00:00,0.4861000000000001,0.2655669245647969,0.0,0.089572246
2030-01-22 05:00:00,0.4674,0.2972075435203094,0.0,0.08953637699999999
2030-01-22 06:00:00,0.43600000000000005,0.31970212765957445,0.0096,0.089500508
2030-01-22 07:00:00,0.37029999999999996,0.3332568665377176,0.1044,0.08946463800000001
2030-01-22 08:00:00,0.4023,0.35042553191489356,0.2332,0.089428769
2030-01-22 09:00:00,0.398,0.40491373307543516,0.3639,0.0893929
2030-01-22 10:00:00,0.3869,0.4080719535783366,0.4551,0.08935703099999999
2030-01-22 11:00:00,0.34120000000000006,0.3893154738878143,0.483,0.089321162
2030-01-22 12:00:00,0.2647,0.3620214700193423,0.4443,0.089285293
2030-01-22 13:00:00,0.1899,0.3116711798839459,0.3503,0.08924942400000001
2030-01-22 14:00:00,0.1235,0.27291083172147,0.2066,0.089213555
2030-01-22 15:00:00,0.0918,0.2565212765957447,0.0425,0.08917768599999999
2030-01-22 16:00:00,0.0795,0.23774255319148935,0.0,0.089141817
2030-01-22 17:00:00,0.0791,0.22140580270793037,0.0,0.089105948
2030-01-22 18:00:00,0.0848,0.2286137330754352,0.0,0.08907007900000001
2030-01-22 19:00:00,0.094,0.26303984526112184,0.0,0.08903421
2030-01-22 20:00:00,0.111,0.2842394584139265,0.0,0.088998341
2030-01-22 21:00:00,0.1439,0.27725570599613153,0.0,0.08896247199999999
2030-01-22 22:00:00,0.1734,0.26539980657640233,0.0,0.088926603
2030-01-22 23:00:00,0.17809999999999998,0.2661642166344294,0.0,0.088890734
2030-01-23 00:00:00,0.1847,0.2599955512572534,0.0,0.088854865
2030-01-23 01:00:00,0.1925,0.24746924564796904,0.0,0.08881951099999999
2030-01-23 02:00:00,0.1845,0.2556765957446809,0.0,0.08878415699999999
2030-01-23 03:00:00,0.1641,0.252368085106383,0.0,0.088748803
2030-01-23 04:00:00,0.14760000000000004,0.2571584139264991,0.0,0.08871344800000001
2030-01-23 05:00:00,0.1262,0.24327582205029016,0.0,0.088678094
2030-01-23 06:00:00,0.09999999999999999,0.25011160541586075,0.0071,0.08864274
2030-01-23 07:00:00,0.0678,0.22851508704061899,0.1066,0.088607386
2030-01-23 08:00:00,0.0516,0.24848646034816246,0.2371,0.088572031
2030-01-23 09:00:00,0.0353,0.22714023210831724,0.3447,0.088536677
2030-01-23 10:00:00,0.0249,0.20041895551257252,0.4067,0.088501323
2030-01-23 11:00:00,0.0202,0.17653810444874277,0.4287,0.088465969
2030-01-23 12:00:00,0.0177,0.14929400386847197,0.3981,0.088430614
2030-01-23 13:00:00,0.0162,0.12303597678916828,0.3259,0.08839526
2030-01-23 14:00:00,0.0167,0.0998137330754352,0.19,0.088359906
2030-01-23 15:00:00,0.0196,0.0936237911025145,0.0383,0.08832455199999999
2030-01-23 16:00:00,0.018699999999999998,0.09802166344294003,0.0,0.08828919800000001
2030-01-23 17:00:00,0.015199999999999998,0.09898955512572534,0.0,0.08825384300000001
2030-01-23 18:00:00,0.0109,0.10070522243713734,0.0,0.088218489
2030-01-23 19:00:00,0.0078000000000000005,0.09802707930367505,0.0,0.088183135
2030-01-23 20:00:00,0.0133,0.08951199226305609,0.0,0.088147781
2030-01-23 21:00:00,0.024,0.0821129593810445,0.0,0.088112426
2030-01-23 22:00:00,0.036199999999999996,0.07533907156673114,0.0,0.08807707199999999
2030-01-23 23:00:00,0.0481,0.07573191489361702,0.0,0.088041718
2030-01-24 00:00:00,0.05949999999999999,0.07874526112185687,0.0,0.088006364
2030-01-24 01:00:00,0.0734,0.08389632495164412,0.0,0.087969972
2030-01-24 02:00:00,0.0876,0.08909690522243713,0.0,0.08793358
2030-01-24 03:00:00,0.0938,0.09511334622823985,0.0,0.087897189
2030-01-24 04:00:00,0.0898,0.1023531914893617,0.0,0.08786079699999999
2030-01-24 05:00:00,0.0854,0.11516827852998066,0.0,0.087824405
2030-01-24 06:00:00,0.07940000000000001,0.13100328820116053,0.0058,0.08778801300000001
2030-01-24 07:00:00,0.0525,0.13249767891682784,0.1004,0.08775162199999999
2030-01-24 08:00:00,0.0305,0.12798413926499033,0.2354,0.08771523
2030-01-24 09:00:00,0.0242,0.13777253384912957,0.3678,0.08767883800000001
2030-01-24 10:00:00,0.0293,0.146131334622824,0.446,0.087642446
2030-01-24 11:00:00,0.037200000000000004,0.18601160541586076,0.4632,0.087606055
2030-01-24 12:00:00,0.0479,0.23425473887814316,0.4256,0.087569663
2030-01-24 13:00:00,0.06649999999999999,0.25764081237911024,0.3349,0.087533271
2030-01-24 14:00:00,0.08050000000000002,0.25714680851063826,0.1944,0.08749688
2030-01-24 15:00:00,0.07849999999999999,0.2550510638297872,0.0403,0.087460488
2030-01-24 16:00:00,0.0779,0.30370232108317213,0.0,0.08742409599999999
2030-01-24 17:00:00,0.0847,0.36177562862669244,0.0,0.08738770400000001
2030-01-24 18:00:00,0.1041,0.36646015473887816,0.0,0.08735131300000001
2030-01-24 19:00:00,0.2994,0.36053268858800774,0.0,0.08731492099999999
2030-01-24 20:00:00,0.5477,0.36365996131528044,0.0,0.08727852900000001
2030-01-24 21:00:00,0.6547000000000001,0.38899148936170214,0.0,0.087242137
2030-01-24 22:00:00,0.6395,0.3914899419729207,0.0,0.087205746
2030-01-24 23:00:00,0.5528,0.38678936170212763,0.0,0.087169354
2030-01-25 00:00:00,0.481,0.3917230174081238,0.0,0.087132962
2030-01-25 01:00:00,0.4778,0.40467814313346223,0.0,0.08709652300000001
2030-01-25 02:00:00,0.4642,0.40889342359767883,0.0,0.08706008400000001
2030-01-25 03:00:00,0.4499000000000001,0.4312655705996131,0.0,0.087023645
2030-01-25 04:00:00,0.40260000000000007,0.45034738878143127,0.0,0.086987205
2030-01-25 05:00:00,0.3973,0.44733462282398456,0.0,0.086950766
2030-01-25 06:00:00,0.4103,0.45062456479690527,0.0135,0.08691432699999999
2030-01-25 07:00:00,0.4703,0.4525605415860735,0.169,0.08687788800000001
2030-01-25 08:00:00,0.6424,0.5142323017408124,0.3258,0.086841448
2030-01-25 09:00:00,0.7031,0.5322791102514507,0.4395,0.086805009
2030-01-25 10:00:00,0.7069,0.5376516441005803,0.4975,0.08676857
2030-01-25 11:00:00,0.7005,0.5504156673114119,0.5076,0.08673213099999999
2030-01-25 12:00:00,0.6933,0.5645272727272727,0.4706,0.08669569099999999
2030-01-25 13:00:00,0.6793,0.5721802707930368,0.3852,0.08665925199999999
2030-01-25 14:00:00,0.635,0.5603417794970987,0.2479,0.086622813
2030-01-25 15:00:00,0.5915,0.5212063829787235,0.0695,0.08658637400000001
2030-01-25 16:00:00,0.5821,0.49284622823984525,0.0,0.08654993400000001
2030-01-25 17:00:00,0.5771,0.46796054158607353,0.0,0.086513495
2030-01-25 18:00:00,0.5758,0.43641972920696326,0.0,0.086477056
2030-01-25 19:00:00,0.5816000000000001,0.4124764023210832,0.0,0.086440617
2030-01-25 20:00:00,0.5769,0.3965195357833655,0.0,0.086404177
2030-01-25 21:00:00,0.552,0.3894922630560928,0.0,0.08636773800000001
2030-01-25 22:00:00,0.5281,0.3959396518375242,0.0,0.086331299
2030-01-25 23:00:00,0.516,0.40937485493230175,0.0,0.08629486
2030-01-26 00:00:00,0.5137,0.4231543520309478,0.0,0.08625842
2030-01-26 01:00:00,0.5127,0.4408288201160541,0.0,0.086221577
2030-01-26 02:00:00,0.5106,0.46104526112185684,0.0,0.086184734
2030-01-26 03:00:00,0.5182999999999999,0.46418878143133463,0.0,0.08614789099999999
2030-01-26 04:00:00,0.525,0.4589007736943908,0.0,0.08611104800000001
2030-01-26 05:00:00,0.5296,0.4474593810444874,0.0,0.086074205
2030-01-26 06:00:00,0.5175,0.42372263056092846,0.0235,0.08603736099999999
2030-01-26 07:00:00,0.501,0.3729794970986461,0.2032,0.08600051800000001
2030-01-26 08:00:00,0.6315,0.3879106382978723,0.3632,0.085963675
2030-01-26 09:00:00,0.5992,0.38235570599613156,0.4727,0.085926832
2030-01-26 10:00:00,0.5435,0.37278878143133465,0.5333,0.085889989
2030-01-26 11:00:00,0.5138000000000001,0.3716058027079303,0.5434,0.08585314599999999
2030-01-26 12:00:00,0.5116,0.3762678916827853,0.5016,0.085816302
2030-01-26 13:00:00,0.5134,0.3740094777562863,0.4081,0.085779459
2030-01-26 14:00:00,0.4787,0.3645665377176015,0.2575,0.085742616
2030-01-26 15:00:00,0.4261,0.34577601547388787,0.0698,0.08570577300000001
2030-01-26 16:00:00,0.4072,0.3221549323017408,0.0,0.08566893
2030-01-26 17:00:00,0.3121,0.2838955512572534,0.0,0.085632087
2030-01-26 18:00:00,0.2602,0.24361798839458412,0.0,0.085595244
2030-01-26 19:00:00,0.2238,0.20754042553191487,0.0,0.08555839999999999
2030-01-26 20:00:00,0.1885,0.17740773694390718,0.0,0.085521557
2030-01-26 21:00:00,0.17259999999999998,0.15683384912959383,0.0,0.085484714
2030-01-26 22:00:00,0.1617,0.147542166344294,0.0,0.085447871
2030-01-26 23:00:00,0.1627,0.1435705996131528,0.0,0.08541102800000001
2030-01-27 00:00:00,0.16,0.13977969052224373,0.0,0.085374185
2030-01-27 01:00:00,0.1533,0.1367727272727273,0.0,0.085335805
2030-01-27 02:00:00,0.14550000000000002,0.1358810444874275,0.0,0.085297425
2030-01-27 03:00:00,0.1332,0.13415531914893614,0.0,0.08525904599999999
2030-01-27 04:00:00,0.1249,0.1324452611218569,0.0,0.085220666
2030-01-27 05:00:00,0.1187,0.12882495164410057,0.0,0.085182287
2030-01-27 06:00:00,0.1104,0.11720174081237911,0.0275,0.08514390699999999
2030-01-27 07:00:00,0.0829,0.09159090909090908,0.158,0.08510552699999999
2030-01-27 08:00:00,0.1482,0.08106885880077369,0.2955,0.08506714800000001
2030-01-27 09:00:00,0.1162,0.06952901353965185,0.4108,0.085028768
2030-01-27 10:00:00,0.0823,0.05969284332688588,0.4797,0.08499038800000001
2030-01-27 11:00:00,0.0621,0.053453771760154735,0.4909,0.08495200900000001
2030-01-27 12:00:00,0.053,0.050980077369439075,0.4477,0.084913629
2030-01-27 13:00:00,0.0485,0.05211992263056093,0.3514,0.08487525
2030-01-27 14:00:00,0.0463,0.05832069632495164,0.206,0.08483687
2030-01-27 15:00:00,0.0561,0.0776321083172147,0.0458,0.08479849
2030-01-27 16:00:00,0.0648,0.09187388781431335,0.0,0.084760111
2030-01-27 17:00:00,0.0671,0.09818278529980658,0.0,0.084721731
2030-01-27 18:00:00,0.0593,0.10583075435203095,0.0,0.08468335199999999
2030-01-27 19:00:00,0.0476,0.11906015473887815,0.0,0.084644972
2030-01-27 20:00:00,0.0379,0.13137601547388783,0.0,0.084606592
2030-01-27 21:00:00,0.0373,0.1476688588007737,0.0,0.084568213
2030-01-27 22:00:00,0.04,0.15300502901353966,0.0,0.08452983300000001
2030-01-27 23:00:00,0.03869999999999999,0.1497502901353965,0.0,0.08449145400000001
2030-01-28 00:00:00,0.033600000000000005,0.14722185686653771,0.0,0.084453074
2030-01-28 01:00:00,0.0263,0.14351934235976788,0.0,0.08441471800000001
2030-01-28 02:00:00,0.0203,0.14000696324951645,0.0,0.084376362
2030-01-28 03:00:00,0.0151,0.14225628626692458,0.0,0.084338006
2030-01-28 04:00:00,0.0118,0.15137388781431335,0.0,0.08429965099999999
2030-01-28 05:00:00,0.0117,0.1593071566731141,0.0,0.084261295
2030-01-28 06:00:00,0.0132,0.1692696324951644,0.0101,0.08422293900000001
2030-01-28 07:00:00,0.0129,0.1627845261121857,0.0758,0.08418458300000001
2030-01-28 08:00:00,0.0109,0.17074622823984528,0.1609,0.08414622699999999
2030-01-28 09:00:00,0.0025,0.17416808510638299,0.2265,0.084107871
2030-01-28 10:00:00,0.0018999999999999998,0.16186576402321085,0.2581,0.084069515
2030-01-28 11:00:00,0.0041,0.14934081237911026,0.249,0.08403116
2030-01-28 12:00:00,0.0047,0.14367098646034815,0.209,0.083992804
2030-01-28 13:00:00,0.0018,0.15150522243713732,0.1486,0.083954448
2030-01-28 14:00:00,0.0067,0.17018433268858799,0.0755,0.083916092
2030-01-28 15:00:00,0.0229,0.2069301740812379,0.0139,0.083877736
2030-01-28 16:00:00,0.046,0.26791779497098644,0.0,0.08383938
2030-01-28 17:00:00,0.0586,0.29862727272727274,0.0,0.083801024
2030-01-28 18:00:00,0.0575,0.2985589941972921,0.0,0.083762669
2030-01-28 19:00:00,0.049999999999999996,0.2793228239845261,0.0,0.083724313
2030-01-28 20:00:00,0.0418,0.25856441005802705,0.0,0.083685957
2030-01-28 21:00:00,0.0333,0.2371249516441006,0.0,0.083647601
2030-01-28 22:00:00,0.0288,0.22254738878143135,0.0,0.083609245
2030-01-28 23:00:00,0.0272,0.21817001934235977,0.0,0.08357088900000001
2030-01-29 00:00:00,0.030900000000000004,0.21768684719535783,0.0,0.08353253299999999
2030-01-29 01:00:00,0.035800000000000005,0.21450444874274663,0.0,0.083498288
2030-01-29 02:00:00,0.0381,0.21197137330754348,0.0,0.083464043
2030-01-29 03:00:00,0.0393,0.22233829787234044,0.0,0.083429797
2030-01-29 04:00:00,0.03629999999999999,0.2361348162475822,0.0,0.083395552
2030-01-29 05:00:00,0.03,0.2506282398452611,0.0,0.083361306
2030-01-29 06:00:00,0.0267,0.2601941972920696,0.0095,0.083327061
2030-01-29 07:00:00,0.0198,0.2556392649903288,0.0672,0.083292815
2030-01-29 08:00:00,0.025300000000000003,0.25384506769825915,0.1457,0.08325857
2030-01-29 09:00:00,0.024,0.24395570599613153,0.2106,0.083224324
2030-01-29 10:00:00,0.0146,0.22299342359767893,0.2479,0.083190079
2030-01-29 11:00:00,0.0132,0.209031334622824,0.2486,0.083155834
2030-01-29 12:00:00,0.0172,0.2065218568665377,0.2198,0.083121588
2030-01-29 13:00:00,0.0256,0.21676150870406186,0.1603,0.083087343
2030-01-29 14:00:00,0.04479999999999999,0.2467899419729207,0.0859,0.083053097
2030-01-29 15:00:00,0.09250000000000001,0.2965698259187621,0.017,0.083018852
2030-01-29 16:00:00,0.1211,0.3608984526112185,0.0,0.082984606
2030-01-29 17:00:00,0.10510000000000001,0.3897634429400387,0.0,0.082950361
2030-01-29 18:00:00,0.0897,0.39309787234042554,0.0,0.082916115
2030-01-29 19:00:00,0.0779,0.375531914893617,0.0,0.08288187
2030-01-29 20:00:00,0.0714,0.35640154738878144,0.0,0.082847625
2030-01-29 21:00:00,0.0728,0.3183081237911025,0.0,0.082813379
2030-01-29 22:00:00,0.0938,0.29396305609284334,0.0,0.082779134
2030-01-29 23:00:00,0.1257,0.2750083172147002,0.0,0.082744888
2030-01-30 00:00:00,0.1694,0.26839671179883945,0.0,0.082710643
2030-01-30 01:00:00,0.2065,0.2662512572533849,0.0,0.08267964400000001
2030-01-30 02:00:00,0.2413,0.27435203094777566,0.0,0.08264864599999999
2030-01-30 03:00:00,0.3024,0.2898938104448743,0.0,0.082617648
2030-01-30 04:00:00,0.3092,0.311368665377176,0.0,0.08258665
2030-01-30 05:00:00,0.3106,0.34371972920696325,0.0,0.082555651
2030-01-30 06:00:00,0.3107,0.37312243713733073,0.0049,0.082524653
2030-01-30 07:00:00,0.2844,0.4169920696324952,0.0889,0.082493655
2030-01-30 08:00:00,0.2787,0.4988750483558994,0.2007,0.082462656
2030-01-30 09:00:00,0.3254,0.5153526112185687,0.2916,0.082431658
2030-01-30 10:00:00,0.31100000000000005,0.49078239845261123,0.3413,0.08240066
2030-01-30 11:00:00,0.3014,0.4476924564796905,0.3479,0.082369661
2030-01-30 12:00:00,0.313,0.37759303675048356,0.3107,0.08233866299999999
2030-01-30 13:00:00,0.3213,0.28257408123791106,0.2349,0.082307665
2030-01-30 14:00:00,0.31540000000000007,0.2285295938104449,0.1324,0.082276666
2030-01-30 15:00:00,0.25939999999999996,0.1914249516441006,0.03,0.082245668
2030-01-30 16:00:00,0.25649999999999995,0.1743497098646035,0.0,0.08221467
2030-01-30 17:00:00,0.2487,0.17461489361702126,0.0,0.082183672
2030-01-30 18:00:00,0.2257,0.17471953578336558,0.0,0.082152673
2030-01-30 19:00:00,0.2139,0.17487234042553193,0.0,0.082121675
2030-01-30 20:00:00,0.2056,0.16884197292069633,0.0,0.082090677
2030-01-30 21:00:00,0.22020000000000003,0.17353481624758219,0.0,0.082059678
2030-01-30 22:00:00,0.2381,0.3032176015473888,0.0,0.08202868
2030-01-30 23:00:00,0.2402,0.46179671179883947,0.0,0.081997682
2030-01-31 00:00:00,0.24599999999999997,0.5541330754352032,0.0,0.081966683
2030-01-31 01:00:00,0.2551,0.5923622823984527,0.0,0.081946773
2030-01-31 02:00:00,0.2524,0.5855011605415861,0.0,0.081926862
2030-01-31 03:00:00,0.22619999999999998,0.5722460348162476,0.0,0.081906952
2030-01-31 04:00:00,0.1899,0.5465777562862669,0.0,0.081887041
2030-01-31 05:00:00,0.152,0.5069882011605416,0.0,0.081867131
2030-01-31 06:00:00,0.11089999999999998,0.4568874274661509,0.0077,0.08184722
2030-01-31 07:00:00,0.06759999999999998,0.3858673114119923,0.0631,0.08182731
2030-01-31 08:00:00,0.07739999999999998,0.35168336557059954,0.1364,0.081807399
2030-01-31 09:00:00,0.05709999999999999,0.31908123791102516,0.1936,0.081787489
2030-01-31 10:00:00,0.0376,0.24357272727272727,0.2182,0.081767578
2030-01-31 11:00:00,0.0254,0.1428379110251451,0.2019,0.081747668
2030-01-31 12:00:00,0.0222,0.0840448742746615,0.1639,0.081727757
2030-01-31 13:00:00,0.0252,0.05410096711798839,0.1182,0.081707847
2030-01-31 14:00:00,0.0354,0.044353191489361704,0.0604,0.081687936
2030-01-31 15:00:00,0.0558,0.05054835589941973,0.0122,0.08166802599999999
2030-01-31 16:00:00,0.0788,0.06546092843326887,0.0,0.081648115
2030-01-31 17:00:00,0.0956,0.08762514506769825,0.0,0.081628205
2030-01-31 18:00:00,0.10400000000000001,0.11859787234042553,0.0,0.081608294
2030-01-31 19:00:00,0.1061,0.16205551257253384,0.0,0.081588384
2030-01-31 20:00:00,0.1038,0.20325802707930365,0.0,0.081568473
2030-01-31 21:00:00,0.1038,0.23793539651837523,0.0,0.081548563
2030-01-31 22:00:00,0.11589999999999999,0.2636982591876209,0.0,0.08152865200000001
2030-01-31 23:00:00,0.118,0.27523984526112183,0.0,0.081508742
2030-02-01 00:00:00,0.1263,0.3043007736943907,0.0,0.081488831
2030-02-01 01:00:00,0.144,0.364237330754352,0.0,0.081500877
2030-02-01 02:00:00,0.1756,0.43458143133462285,0.0,0.081512923
2030-02-01 03:00:00,0.2186,0.5010176015473888,0.0,0.081524969
2030-02-01 04:00:00,0.2628,0.5447694390715667,0.0,0.081537015
2030-02-01 05:00:00,0.3313,0.6090048355899419,0.0,0.081549062
2030-02-01 06:00:00,0.3559,0.6842568665377176,0.0018,0.081561108
2030-02-01 07:00:00,0.3918,0.7504570599613153,0.0509,0.08157315400000001
2030-02-01 08:00:00,0.4414,0.8006487427466151,0.1206,0.0815852
2030-02-01 09:00:00,0.4674,0.8273402321083171,0.193,0.081597246
2030-02-01 10:00:00,0.6047,0.8466955512572533,0.2542,0.081609292
2030-02-01 11:00:00,0.7087,0.8186731141199226,0.2702,0.081621338
2030-02-01 12:00:00,0.7451,0.7648665377176015,0.2529,0.081633384
2030-02-01 13:00:00,0.682,0.7104179883945841,0.1938,0.08164543
2030-02-01 14:00:00,0.5083,0.6658825918762089,0.1127,0.08165747599999999
2030-02-01 15:00:00,0.3867,0.6370731141199226,0.0282,0.081669523
2030-02-01 16:00:00,0.3211,0.6206177949709866,0.0,0.08168156900000001
2030-02-01 17:00:00,0.261,0.6055796905222437,0.0,0.081693615
2030-02-01 18:00:00,0.2367,0.5929147001934236,0.0,0.081705661
2030-02-01 19:00:00,0.2593,0.5645912959381045,0.0,0.081717707
2030-02-01 20:00:00,0.2617,0.5218984526112186,0.0,0.081729753
2030-02-01 21:00:00,0.27010000000000006,0.46665667311411996,0.0,0.081741799
2030-02-01 22:00:00,0.2749,0.421142166344294,0.0,0.081753845
2030-02-01 23:00:00,0.2942,0.3926208897485493,0.0,0.081765891
2030-02-02 00:00:00,0.3031,0.38067949709864607,0.0,0.081777937
2030-02-02 01:00:00,0.2822,0.3659773694390715,0.0,0.08181482
2030-02-02 02:00:00,0.24799999999999997,0.34089729206963243,0.0,0.081851703
2030-02-02 03:00:00,0.22509999999999997,0.3318154738878143,0.0,0.081888586
2030-02-02 04:00:00,0.1858,0.3434659574468085,0.0,0.081925468
2030-02-02 05:00:00,0.1383,0.3394802707930367,0.0,0.081962351
2030-02-02 06:00:00,0.0889,0.30823056092843326,0.0105,0.081999234
2030-02-02 07:00:00,0.053,0.2713284332688588,0.0617,0.082036117
2030-02-02 08:00:00,0.0375,0.27077446808510636,0.1337,0.08207300000000001
2030-02-02 09:00:00,0.0274,0.2862597678916828,0.1922,0.082109882
2030-02-02 10:00:00,0.0246,0.3120512572533849,0.2195,0.082146765
2030-02-02 11:00:00,0.0193,0.35023520309477757,0.2183,0.082183648
2030-02-02 12:00:00,0.012,0.3778334622823985,0.1948,0.082220531
2030-02-02 13:00:00,0.006200000000000001,0.37550947775628624,0.1492,0.082257413
2030-02-02 14:00:00,0.0077,0.3496166344294004,0.0879,0.082294296
2030-02-02 15:00:00,0.0245,0.35099941972920695,0.0236,0.082331179
2030-02-02 16:00:00,0.0406,0.41443868471953577,0.0,0.082368062
2030-02-02 17:00:00,0.0417,0.464647001934236,0.0,0.08240494400000001
2030-02-02 18:00:00,0.043699999999999996,0.48896866537717604,0.0,0.082441827
2030-02-02 19:00:00,0.0445,0.5088932301740812,0.0,0.08247871
2030-02-02 20:00:00,0.0473,0.5162508704061896,0.0,0.082515593
2030-02-02 21:00:00,0.04290000000000001,0.5063601547388782,0.0,0.082552475
2030-02-02 22:00:00,0.0315,0.4916346228239845,0.0,0.082589358
2030-02-02 23:00:00,0.0283,0.4859675048355899,0.0,0.082626241
2030-02-03 00:00:00,0.0217,0.500436170212766,0.0,0.082663124
2030-02-03 01:00:00,0.0252,0.5254957446808511,0.0,0.082743993
2030-02-03 02:00:00,0.030999999999999996,0.5157669245647969,0.0,0.082824863
2030-02-03 03:00:00,0.0349,0.5172972920696325,0.0,0.082905733
2030-02-03 04:00:00,0.0379,0.5512553191489361,0.0,0.082986602
2030-02-03 05:00:00,0.04259999999999999,0.5673823984526112,0.0,0.083067472
2030-02-03 06:00:00,0.0418,0.5741210831721469,0.0067,0.083148341
2030-02-03 07:00:00,0.043699999999999996,0.5941160541586074,0.0885,0.083229211
2030-02-03 08:00:00,0.035199999999999995,0.6016425531914893,0.1861,0.083310081
2030-02-03 09:00:00,0.017900000000000003,0.6220127659574467,0.2653,0.08339095
2030-02-03 10:00:00,0.0146,0.6412491295938104,0.3134,0.08347182
2030-02-03 11:00:00,0.0271,0.6466450676982591,0.3201,0.08355269
2030-02-03 12:00:00,0.0579,0.6749882011605415,0.2825,0.08363355900000001
2030-02-03 13:00:00,0.0732,0.670536170212766,0.2165,0.083714429
2030-02-03 14:00:00,0.0894,0.6692872340425532,0.1256,0.083795298
2030-02-03 15:00:00,0.1128,0.6798605415860736,0.0335,0.083876168
2030-02-03 16:00:00,0.1345,0.7166,0.0,0.08395703800000001
2030-02-03 17:00:00,0.14320000000000002,0.7071384912959381,0.0,0.084037907
2030-02-03 18:00:00,0.14299999999999996,0.7246506769825919,0.0,0.08411877699999999
2030-02-03 19:00:00,0.1525,0.7611704061895551,0.0,0.08419964699999999
2030-02-03 20:00:00,0.11369999999999998,0.7692657640232108,0.0,0.084280516
2030-02-03 21:00:00,0.0688,0.7225510638297873,0.0,0.084361386
2030-02-03 22:00:00,0.0731,0.6687588007736943,0.0,0.084442255
2030-02-03 23:00:00,0.0843,0.6297292069632495,0.0,0.084523125
2030-02-04 00:00:00,0.0928,0.6122297872340424,0.0,0.084603995
2030-02-04 01:00:00,0.0814,0.5937456479690522,0.0,0.08470289
2030-02-04 02:00:00,0.0653,0.5974938104448743,0.0,0.084801785
2030-02-04 03:00:00,0.0467,0.6151928433268858,0.0,0.08490068
2030-02-04 04:00:00,0.0346,0.6249235976789169,0.0,0.084999575
2030-02-04 05:00:00,0.0402,0.6069916827852998,0.0,0.085098471
2030-02-04 06:00:00,0.0515,0.5420816247582205,0.0067,0.085197366
2030-02-04 07:00:00,0.044,0.4768880077369439,0.0732,0.085296261
2030-02-04 08:00:00,0.0333,0.4215328820116054,0.1609,0.085395156
2030-02-04 09:00:00,0.028699999999999996,0.3435557059961315,0.2398,0.08549405199999999
2030-02-04 10:00:00,0.035,0.2917688588007737,0.2854,0.08559294699999999
2030-02-04 11:00:00,0.0555,0.2684290135396519,0.3049,0.08569184199999999
2030-02-04 12:00:00,0.0753,0.25545802707930365,0.2794,0.08579073699999999
2030-02-04 13:00:00,0.0865,0.24900870406189557,0.2116,0.085889632
2030-02-04 14:00:00,0.07830000000000001,0.24293965183752417,0.1184,0.08598852800000001
2030-02-04 15:00:00,0.0652,0.2439025145067698,0.0302,0.08608742300000001
2030-02-04 16:00:00,0.0599,0.2541787234042553,0.0,0.08618631800000001
2030-02-04 17:00:00,0.0464,0.25858858800773693,0.0,0.08628521300000001
2030-02-04 18:00:00,0.0346,0.2639110251450677,0.0,0.086384108
2030-02-04 19:00:00,0.0257,0.26621953578336555,0.0,0.086483004
2030-02-04 20:00:00,0.0195,0.26454912959381044,0.0,0.086581899
2030-02-04 21:00:00,0.0171,0.2553597678916828,0.0,0.086680794
2030-02-04 22:00:00,0.0185,0.24565880077369437,0.0,0.08677968900000001
2030-02-04 23:00:00,0.0263,0.24130599613152803,0.0,0.086878585
2030-02-05 00:00:00,0.03830000000000001,0.23507833655705992,0.0,0.08697748
2030-02-05 01:00:00,0.0527,0.21444816247582205,0.0,0.087050239
2030-02-05 02:00:00,0.06649999999999999,0.1932208897485493,0.0,0.087122999
2030-02-05 03:00:00,0.0698,0.184716247582205,0.0,0.087195759
2030-02-05 04:00:00,0.0747,0.18893462282398452,0.0,0.087268519
2030-02-05 05:00:00,0.0879,0.18679593810444875,0.0,0.08734127800000001
2030-02-05 06:00:00,0.08860000000000001,0.18303810444874274,0.0134,0.08741403800000001
2030-02-05 07:00:00,0.1258,0.1740539651837524,0.12,0.087486798
2030-02-05 08:00:00,0.16730000000000003,0.1776338491295938,0.2464,0.087559557
2030-02-05 09:00:00,0.1597,0.17964448742746614,0.3421,0.08763231699999999
2030-02-05 10:00:00,0.1561,0.18087466150870404,0.3947,0.08770507699999999
2030-02-05 11:00:00,0.1391,0.1738589941972921,0.3932,0.087777836
2030-02-05 12:00:00,0.14880000000000002,0.16436808510638298,0.3426,0.087850596
2030-02-05 13:00:00,0.2067,0.1568972920696325,0.2616,0.087923356
2030-02-05 14:00:00,0.2669,0.15040174081237911,0.1531,0.087996115
2030-02-05 15:00:00,0.24460000000000007,0.15695493230174082,0.0451,0.088068875
2030-02-05 16:00:00,0.1981,0.17864603481624758,0.0001,0.088141635
2030-02-05 17:00:00,0.1841,0.190262669245648,0.0,0.088214395
2030-02-05 18:00:00,0.1968,0.1882027079303675,0.0,0.088287154
2030-02-05 19:00:00,0.184,0.1891172147001934,0.0,0.088359914
2030-02-05 20:00:00,0.1821,0.18755822050290133,0.0,0.088432674
2030-02-05 21:00:00,0.20439999999999997,0.19509264990328823,0.0,0.08850543300000001
2030-02-05 22:00:00,0.2242,0.21449439071566728,0.0,0.08857819300000001
2030-02-05 23:00:00,0.24900000000000003,0.2318659574468085,0.0,0.088650953
2030-02-06 00:00:00,0.2523000000000001,0.24839090909090905,0.0,0.088723712
2030-02-06 01:00:00,0.2625,0.26799110251450675,0.0,0.08877834400000001
2030-02-06 02:00:00,0.2952000000000001,0.32783907156673114,0.0,0.088832975
2030-02-06 03:00:00,0.3129,0.39391740812379106,0.0,0.088887606
2030-02-06 04:00:00,0.2865,0.44202959381044493,0.0,0.088942237
2030-02-06 05:00:00,0.3056,0.48025415860735005,0.0,0.088996868
2030-02-06 06:00:00,0.30519999999999997,0.512763829787234,0.0098,0.089051499
2030-02-06 07:00:00,0.4083,0.5379032882011605,0.1322,0.08910613
2030-02-06 08:00:00,0.5428,0.6111663442940038,0.2586,0.08916076199999999
2030-02-06 09:00:00,0.5723000000000001,0.6985286266924564,0.3468,0.089215393
2030-02-06 10:00:00,0.6032,0.7710112185686654,0.3995,0.089270024
2030-02-06 11:00:00,0.6277,0.8222177949709863,0.41,0.089324655
2030-02-06 12:00:00,0.6671,0.8507756286266924,0.376,0.089379286
2030-02-06 13:00:00,0.6841,0.8669545454545454,0.3004,0.08943391699999999
2030-02-06 14:00:00,0.6813,0.8611883945841393,0.1908,0.089488549
2030-02-06 15:00:00,0.6991,0.8479932301740812,0.061,0.08954318
2030-02-06 16:00:00,0.762,0.8360154738878144,0.0003,0.089597811
2030-02-06 17:00:00,0.8009,0.8418911025145067,0.0,0.089652442
2030-02-06 18:00:00,0.7955999999999999,0.844231334622824,0.0,0.08970707300000001
2030-02-06 19:00:00,0.7797,0.8382092843326885,0.0,0.089761704
2030-02-06 20:00:00,0.7695,0.8325398452611218,0.0,0.089816335
2030-02-06 21:00:00,0.7791,0.8146272727272728,0.0,0.089870967
2030-02-06 22:00:00,0.7783,0.7900719535783366,0.0,0.08992559800000001
2030-02-06 23:00:00,0.7546000000000002,0.7751411992263056,0.0,0.08998022900000001
2030-02-07 00:00:00,0.7431,0.7653823984526112,0.0,0.09003486
2030-02-07 01:00:00,0.7404,0.7507717601547389,0.0,0.09008493699999999
2030-02-07 02:00:00,0.7433,0.7458305609284334,0.0,0.090135014
2030-02-07 03:00:00,0.7149,0.7530897485493231,0.0,0.090185092
2030-02-07 04:00:00,0.6396000000000001,0.7580539651837523,0.0,0.090235169
2030-02-07 05:00:00,0.5752,0.7551334622823985,0.0,0.090285246
2030-02-07 06:00:00,0.4887,0.7416990328820117,0.0088,0.09033532300000001
2030-02-07 07:00:00,0.42550000000000004,0.7460326885880078,0.08,0.09038540099999999
2030-02-07 08:00:00,0.424,0.7517334622823985,0.1695,0.09043547800000001
2030-02-07 09:00:00,0.4203,0.7316324951644101,0.2362,0.090485555
2030-02-07 10:00:00,0.3949,0.7033698259187621,0.2744,0.09053563199999999
2030-02-07 11:00:00,0.3708,0.6859350096711798,0.2842,0.09058571
2030-02-07 12:00:00,0.34589999999999993,0.6730750483558995,0.2544,0.090635787
2030-02-07 13:00:00,0.31980000000000003,0.6537394584139264,0.1984,0.090685864
2030-02-07 14:00:00,0.2561,0.620042746615087,0.1179,0.090735941
2030-02-07 15:00:00,0.2064,0.5779090909090909,0.0336,0.09078601900000001
2030-02-07 16:00:00,0.1998,0.5713363636363636,0.0,0.09083609599999999
2030-02-07 17:00:00,0.17720000000000002,0.5649133462282399,0.0,0.090886173
2030-02-07 18:00:00,0.1563,0.550451257253385,0.0,0.09093625
2030-02-07 19:00:00,0.1489,0.5255591876208897,0.0,0.09098632699999999
2030-02-07 20:00:00,0.1491,0.4865553191489362,0.0,0.091036405
2030-02-07 21:00:00,0.1699,0.4344433268858801,0.0,0.091086482
2030-02-07 22:00:00,0.1851,0.38908607350096713,0.0,0.091136559
2030-02-07 23:00:00,0.19219999999999998,0.35582301740812383,0.0,0.091186636
2030-02-08 00:00:00,0.2381,0.33474796905222437,0.0,0.09123671400000001
2030-02-08 01:00:00,0.2506,0.32097524177949704,0.0,0.091296984
2030-02-08 02:00:00,0.2629,0.3148649903288201,0.0,0.091357254
2030-02-08 03:00:00,0.24549999999999994,0.30772688588007735,0.0,0.091417524
2030-02-08 04:00:00,0.2311,0.3010883945841393,0.0,0.091477794
2030-02-08 05:00:00,0.215,0.2978477756286267,0.0,0.091538064
2030-02-08 06:00:00,0.1923,0.29849845261121855,0.0123,0.091598334
2030-02-08 07:00:00,0.2324,0.2946177949709864,0.1189,0.091658604
2030-02-08 08:00:00,0.2975,0.3118127659574468,0.2429,0.091718874
2030-02-08 09:00:00,0.347,0.32630096711798834,0.3334,0.09177914400000001
2030-02-08 10:00:00,0.36560000000000004,0.3323570599613153,0.3896,0.091839415
2030-02-08 11:00:00,0.3905,0.32996963249516437,0.4015,0.091899685
2030-02-08 12:00:00,0.4545,0.3220806576402321,0.3645,0.091959955
2030-02-08 13:00:00,0.4766,0.3129661508704062,0.2982,0.092020225
2030-02-08 14:00:00,0.43,0.29967833655705994,0.1922,0.092080495
2030-02-08 15:00:00,0.34519999999999995,0.2912547388781431,0.0648,0.092140765
2030-02-08 16:00:00,0.3669,0.28070154738878145,0.0003,0.092201035
2030-02-08 17:00:00,0.3509999999999999,0.26325338491295935,0.0,0.092261305
2030-02-08 18:00:00,0.31789999999999996,0.24345744680851064,0.0,0.092321575
2030-02-08 19:00:00,0.2859999999999999,0.22374081237911025,0.0,0.092381845
2030-02-08 20:00:00,0.242,0.2097678916827853,0.0,0.092442115
2030-02-08 21:00:00,0.22959999999999997,0.18686131528046424,0.0,0.092502385
2030-02-08 22:00:00,0.23509999999999998,0.17164990328820115,0.0,0.092562656
2030-02-08 23:00:00,0.2419,0.16781682785299804,0.0,0.092622926
2030-02-09 00:00:00,0.25189999999999996,0.16983887814313348,0.0,0.092683196
2030-02-09 01:00:00,0.288,0.16848007736943907,0.0,0.092747798
2030-02-09 02:00:00,0.2804,0.16503056092843327,0.0,0.09281239999999999
2030-02-09 03:00:00,0.2404,0.16983636363636362,0.0,0.09287700199999999
2030-02-09 04:00:00,0.1853,0.1750998065764023,0.0,0.092941605
2030-02-09 05:00:00,0.14849999999999997,0.180826499032882,0.0,0.093006207
2030-02-09 06:00:00,0.106,0.1867017408123791,0.027,0.093070809
2030-02-09 07:00:00,0.122,0.17406266924564798,0.1907,0.093135411
2030-02-09 08:00:00,0.1166,0.1589742746615087,0.337,0.093200014
2030-02-09 09:00:00,0.0976,0.14244719535783365,0.4381,0.093264616
2030-02-09 10:00:00,0.0821,0.13420309477756287,0.504,0.093329218
2030-02-09 11:00:00,0.071,0.13473346228239846,0.5088,0.09339382
2030-02-09 12:00:00,0.0666,0.14007021276595746,0.4537,0.09345842300000001
2030-02-09 13:00:00,0.06649999999999999,0.1457671179883946,0.3425,0.093523025
2030-02-09 14:00:00,0.0668,0.14357852998065765,0.204,0.09358762699999999
2030-02-09 15:00:00,0.0604,0.14434738878143133,0.0621,0.093652229
2030-02-09 16:00:00,0.0592,0.15247079303675048,0.0008,0.09371683199999999
2030-02-09 17:00:00,0.0474,0.15258394584139265,0.0,0.093781434
2030-02-09 18:00:00,0.0317,0.15774197292069633,0.0,0.093846036
2030-02-09 19:00:00,0.0191,0.16591663442940038,0.0,0.093910638
2030-02-09 20:00:00,0.0134,0.17945377176015473,0.0,0.093975241
2030-02-09 21:00:00,0.0135,0.19885667311411995,0.0,0.09403984300000001
2030-02-09 22:00:00,0.015499999999999998,0.2212615087040619,0.0,0.094104445
2030-02-09 23:00:00,0.0182,0.24143500967117987,0.0,0.09416904699999999
2030-02-10 00:00:00,0.0227,0.2605454545454546,0.0,0.09423365
2030-02-10 01:00:00,0.0272,0.28244216634429403,0.0,0.09430724900000001
2030-02-10 02:00:00,0.0317,0.3048528046421663,0.0,0.094380848
2030-02-10 03:00:00,0.0329,0.3222663442940038,0.0,0.094454447
2030-02-10 04:00:00,0.0375,0.3399357833655706,0.0,0.09452804599999999
2030-02-10 05:00:00,0.0509,0.371872920696325,0.0,0.094601646
2030-02-10 06:00:00,0.0698,0.4047704061895552,0.009,0.094675245
2030-02-10 07:00:00,0.07739999999999998,0.43856673114119926,0.0812,0.094748844
2030-02-10 08:00:00,0.0865,0.4967924564796905,0.168,0.094822443
2030-02-10 09:00:00,0.1128,0.5730986460348162,0.2406,0.09489604199999999
2030-02-10 10:00:00,0.131,0.6143508704061895,0.2797,0.09496964199999999
2030-02-10 11:00:00,0.13990000000000002,0.6412959381044487,0.2778,0.095043241
2030-02-10 12:00:00,0.13440000000000002,0.6628822050290136,0.2419,0.09511684
2030-02-10 13:00:00,0.1486,0.6828688588007737,0.1853,0.095190439
2030-02-10 14:00:00,0.1464,0.7075299806576403,0.1129,0.09526403800000001
2030-02-10 15:00:00,0.1508,0.7314804642166344,0.0342,0.095337638
2030-02-10 16:00:00,0.1764,0.7546663442940038,0.0003,0.095411237
2030-02-10 17:00:00,0.2416,0.7624119922630561,0.0,0.09548483599999999
2030-02-10 18:00:00,0.3358,0.7531491295938105,0.0,0.095558435
2030-02-10 19:00:00,0.4406,0.7464483558994197,0.0,0.095632034
2030-02-10 20:00:00,0.5255,0.7339916827852999,0.0,0.095705634
2030-02-10 21:00:00,0.5848,0.7386150870406191,0.0,0.095779233
2030-02-10 22:00:00,0.6410999999999999,0.7656226305609284,0.0,0.095852832
2030-02-10 23:00:00,0.6408,0.7762599613152804,0.0,0.09592643099999999
2030-02-11 00:00:00,0.6332,0.7643876208897484,0.0,0.09600003
2030-02-11 01:00:00,0.6202,0.7349771760154739,0.0,0.096114425
2030-02-11 02:00:00,0.5882,0.6811796905222437,0.0,0.09622881900000001
2030-02-11 03:00:00,0.5194,0.610314506769826,0.0,0.09634321400000001
2030-02-11 04:00:00,0.4205,0.5447611218568665,0.0,0.09645760800000001
2030-02-11 05:00:00,0.3112,0.4955912959381044,0.0,0.09657200199999999
2030-02-11 06:00:00,0.21130000000000002,0.4593303675048356,0.0184,0.096686397
2030-02-11 07:00:00,0.1254,0.4077630560928433,0.0857,0.096800791
2030-02-11 08:00:00,0.1361,0.3513435203094777,0.1648,0.096915185
2030-02-11 09:00:00,0.1086,0.293263249516441,0.2276,0.09702958
2030-02-11 10:00:00,0.1187,0.22363636363636363,0.2665,0.09714397400000001
2030-02-11 11:00:00,0.15929999999999997,0.1702032882011605,0.2733,0.09725836800000001
2030-02-11 12:00:00,0.1512,0.13448123791102515,0.2437,0.097372763
2030-02-11 13:00:00,0.12519999999999998,0.11100599613152805,0.186,0.09748715699999999
2030-02-11 14:00:00,0.1047,0.10687717601547388,0.109,0.097601552
2030-02-11 15:00:00,0.1047,0.14464816247582205,0.0324,0.097715946
2030-02-11 16:00:00,0.12810000000000002,0.19880947775628624,0.0003,0.09783034
2030-02-11 17:00:00,0.1502,0.24661276595744683,0.0,0.097944735
2030-02-11 18:00:00,0.16929999999999998,0.29236131528046416,0.0,0.09805912900000001
2030-02-11 19:00:00,0.19659999999999997,0.33522475822050285,0.0,0.09817352300000001
2030-02-11 20:00:00,0.2227,0.3635158607350097,0.0,0.098287918
2030-02-11 21:00:00,0.24900000000000003,0.3682448742746615,0.0,0.09840231199999999
2030-02-11 22:00:00,0.2168,0.39351856866537716,0.0,0.098516706
2030-02-11 23:00:00,0.17060000000000003,0.4169305609284333,0.0,0.098631101
2030-02-12 00:00:00,0.15149999999999997,0.4216936170212766,0.0,0.098745495
2030-02-12 01:00:00,0.1368,0.4264721470019343,0.0,0.098880465
2030-02-12 02:00:00,0.1208,0.40245744680851064,0.0,0.099015435
2030-02-12 03:00:00,0.0973,0.3626659574468086,0.0,0.099150406
2030-02-12 04:00:00,0.06170000000000001,0.3205489361702128,0.0,0.099285376
2030-02-12 05:00:00,0.0257,0.3335193423597679,0.0,0.09942034599999999
2030-02-12 06:00:00,0.010299999999999998,0.32894177949709863,0.0229,0.09955531599999999
2030-02-12 07:00:00,0.0113,0.29210212765957444,0.1357,0.099690286
2030-02-12 08:00:00,0.0244,0.2917050290135397,0.2524,0.099825256
2030-02-12 09:00:00,0.0449,0.255110251450677,0.3289,0.099960226
2030-02-12 10:00:00,0.05709999999999999,0.22153133462282398,0.3656,0.100095197
2030-02-12 11:00:00,0.0603,0.2223001934235977,0.3624,0.100230167
2030-02-12 12:00:00,0.061200000000000004,0.24422127659574466,0.3209,0.100365137
2030-02-12 13:00:00,0.0631,0.2639029013539652,0.2463,0.10050010699999999
2030-02-12 14:00:00,0.06350000000000001,0.26862978723404257,0.1384,0.10063507699999999
2030-02-12 15:00:00,0.0638,0.2723713733075435,0.0393,0.10077004699999999
2030-02-12 16:00:00,0.0848,0.29638704061895554,0.0001,0.10090501800000001
2030-02-12 17:00:00,0.08829999999999999,0.3038007736943907,0.0,0.10103998800000001
2030-02-12 18:00:00,0.0765,0.2898607350096712,0.0,0.10117495800000001
2030-02-12 19:00:00,0.0602,0.2771110251450677,0.0,0.10130992800000001
2030-02-12 20:00:00,0.0515,0.2632738878143134,0.0,0.101444898
2030-02-12 21:00:00,0.049600000000000005,0.24351295938104447,0.0,0.101579868
2030-02-12 22:00:00,0.0528,0.2254615087040619,0.0,0.101714838
2030-02-12 23:00:00,0.05949999999999999,0.20526673114119925,0.0,0.101849809
2030-02-13 00:00:00,0.0747,0.18252959381044487,0.0,0.101984779
2030-02-13 01:00:00,0.1013,0.16871644100580271,0.0,0.102095855
2030-02-13 02:00:00,0.118,0.1664787234042553,0.0,0.102206931
2030-02-13 03:00:00,0.1174,0.17970773694390715,0.0,0.10231800699999999
2030-02-13 04:00:00,0.1175,0.19577717601547387,0.0,0.10242908199999999
2030-02-13 05:00:00,0.10109999999999998,0.20185705996131525,0.0,0.102540158
2030-02-13 06:00:00,0.0806,0.20073558994197288,0.0331,0.10265123400000001
2030-02-13 07:00:00,0.09030000000000002,0.19989303675048353,0.1792,0.10276231
2030-02-13 08:00:00,0.0768,0.20771992263056094,0.3254,0.102873386
2030-02-13 09:00:00,0.0576,0.20465183752417795,0.4278,0.102984462
2030-02-13 10:00:00,0.0411,0.1850980657640232,0.4807,0.10309553800000001
2030-02-13 11:00:00,0.0331,0.17491083172147004,0.4783,0.103206614
2030-02-13 12:00:00,0.0334,0.1705669245647969,0.4299,0.10331769
2030-02-13 13:00:00,0.037,0.1629413926499033,0.336,0.10342876599999999
2030-02-13 14:00:00,0.0464,0.15036557059961314,0.2073,0.10353984199999999
2030-02-13 15:00:00,0.067,0.1595816247582205,0.0721,0.10365091800000001
2030-02-13 16:00:00,0.0817,0.1839228239845261,0.0011,0.10376199400000001
2030-02-13 17:00:00,0.0844,0.19264564796905223,0.0,0.10387307
2030-02-13 18:00:00,0.0768,0.19664371373307543,0.0,0.103984146
2030-02-13 19:00:00,0.0642,0.19692050290135396,0.0,0.10409522199999999
2030-02-13 20:00:00,0.0462,0.19925473887814316,0.0,0.104206298
2030-02-13 21:00:00,0.033,0.19476402321083175,0.0,0.104317374
2030-02-13 22:00:00,0.0263,0.18694100580270795,0.0,0.10442845
2030-02-13 23:00:00,0.026000000000000002,0.17900580270793034,0.0,0.104539525
2030-02-14 00:00:00,0.034,0.17483887814313345,0.0,0.104650601
2030-02-14 01:00:00,0.043699999999999996,0.1794762088974855,0.0,0.10473277800000001
2030-02-14 02:00:00,0.0463,0.19587678916827853,0.0,0.104814954
2030-02-14 03:00:00,0.0518,0.22152591876208896,0.0,0.10489713099999999
2030-02-14 04:00:00,0.0613,0.26574777562862667,0.0,0.104979307
2030-02-14 05:00:00,0.0602,0.33259941972920704,0.0,0.10506148300000001
2030-02-14 06:00:00,0.05879999999999999,0.37417949709864606,0.0341,0.10514366
2030-02-14 07:00:00,0.0919,0.37834874274661506,0.1839,0.105225836
2030-02-14 08:00:00,0.1509,0.39182649903288197,0.3199,0.105308013
2030-02-14 09:00:00,0.1598,0.3634282398452612,0.4153,0.10539018900000001
2030-02-14 10:00:00,0.1453,0.30847466150870406,0.4734,0.105472365
2030-02-14 11:00:00,0.1262,0.2554758220502902,0.4809,0.10555454199999999
2030-02-14 12:00:00,0.11309999999999999,0.2275282398452611,0.4415,0.105636718
2030-02-14 13:00:00,0.11529999999999999,0.22412901353965187,0.3669,0.105718895
2030-02-14 14:00:00,0.11369999999999998,0.2329576402321083,0.254,0.105801071
2030-02-14 15:00:00,0.0912,0.2479001934235977,0.1054,0.10588324699999999
2030-02-14 16:00:00,0.0877,0.27065338491295937,0.0029,0.105965424
2030-02-14 17:00:00,0.0869,0.27952030947775625,0.0,0.1060476
2030-02-14 18:00:00,0.0868,0.2639117988394584,0.0,0.106129777
2030-02-14 19:00:00,0.0861,0.24035976789168279,0.0,0.10621195300000001
2030-02-14 20:00:00,0.0837,0.22650599613152803,0.0,0.106294129
2030-02-14 21:00:00,0.0911,0.202547001934236,0.0,0.10637630599999999
2030-02-14 22:00:00,0.09719999999999998,0.1940992263056093,0.0,0.106458482
2030-02-14 23:00:00,0.1006,0.20138704061895552,0.0,0.10654065900000001
2030-02-15 00:00:00,0.1049,0.22650599613152805,0.0,0.106622835
2030-02-15 01:00:00,0.1121,0.2494551257253385,0.0,0.10667789400000001
2030-02-15 02:00:00,0.1206,0.2701295938104449,0.0,0.106732953
2030-02-15 03:00:00,0.1129,0.29348491295938106,0.0,0.106788011
2030-02-15 04:00:00,0.0956,0.3046986460348162,0.0,0.10684307
2030-02-15 05:00:00,0.0845,0.30847601547388787,0.0001,0.10689812900000001
2030-02-15 06:00:00,0.0661,0.3093998065764023,0.054,0.106953188
2030-02-15 07:00:00,0.0498,0.3103907156673114,0.2035,0.10700824699999999
2030-02-15 08:00:00,0.0901,0.3754676982591877,0.3477,0.107063306
2030-02-15 09:00:00,0.1782,0.45344274661508704,0.4642,0.10711836400000001
2030-02-15 10:00:00,0.2972,0.5172048355899419,0.534,0.107173423
2030-02-15 11:00:00,0.389,0.5470553191489361,0.5387,0.10722848199999999
2030-02-15 12:00:00,0.4277000000000001,0.5345029013539652,0.5015,0.107283541
2030-02-15 13:00:00,0.438,0.5120630560928433,0.4167,0.10733859999999999
2030-02-15 14:00:00,0.429,0.5000029013539652,0.29,0.107393659
2030-02-15 15:00:00,0.4118,0.507099419729207,0.12,0.107448717
2030-02-15 16:00:00,0.4587,0.5322796905222438,0.0038,0.107503776
2030-02-15 17:00:00,0.4464,0.5566916827852998,0.0,0.107558835
2030-02-15 18:00:00,0.3993,0.5835218568665377,0.0,0.107613894
2030-02-15 19:00:00,0.4056,0.6205798839458414,0.0,0.10766895300000001
2030-02-15 20:00:00,0.41800000000000004,0.643361508704062,0.0,0.107724011
2030-02-15 21:00:00,0.3871,0.6369251450676983,0.0,0.10777907
2030-02-15 22:00:00,0.33460000000000006,0.6252661508704062,0.0,0.107834129
2030-02-15 23:00:00,0.2947000000000001,0.611327079303675,0.0,0.10788918800000001
2030-02-16 00:00:00,0.27699999999999997,0.6146976789168279,0.0,0.107944247
2030-02-16 01:00:00,0.25869999999999993,0.6135820116054158,0.0,0.10799163099999999
2030-02-16 02:00:00,0.23,0.6365423597678918,0.0,0.108039016
2030-02-16 03:00:00,0.2159,0.6604593810444875,0.0,0.1080864
2030-02-16 04:00:00,0.1959,0.662462669245648,0.0,0.108133785
2030-02-16 05:00:00,0.1501,0.6416417794970988,0.0,0.10818116900000001
2030-02-16 06:00:00,0.1218,0.6194771760154738,0.0599,0.108228554
2030-02-16 07:00:00,0.1591,0.6132705996131528,0.2411,0.108275938
2030-02-16 08:00:00,0.3197,0.6363941972920697,0.3871,0.10832332300000001
2030-02-16 09:00:00,0.5073,0.6431249516441006,0.4971,0.108370707
2030-02-16 10:00:00,0.5525999999999999,0.6158235976789168,0.5642,0.108418092
2030-02-16 11:00:00,0.5178,0.5613663442940039,0.5879,0.10846547599999999
2030-02-16 12:00:00,0.5283,0.5105015473887814,0.5621,0.108512861
2030-02-16 13:00:00,0.5419,0.46555551257253386,0.4805,0.108560245
2030-02-16 14:00:00,0.5302,0.4186673114119923,0.3432,0.10860763
2030-02-16 15:00:00,0.4466,0.3709628626692456,0.1532,0.10865501400000001
2030-02-16 16:00:00,0.4113,0.33780251450676985,0.0063,0.108702399
2030-02-16 17:00:00,0.4017,0.316542166344294,0.0,0.108749783
2030-02-16 18:00:00,0.3713,0.2991172147001935,0.0,0.10879716699999999
2030-02-16 19:00:00,0.344,0.28464081237911026,0.0,0.108844552
2030-02-16 20:00:00,0.24659999999999996,0.27782359767891684,0.0,0.108891936
2030-02-16 21:00:00,0.18390000000000004,0.28080793036750484,0.0,0.10893932099999999
2030-02-16 22:00:00,0.1569,0.2931292069632495,0.0,0.108986705
2030-02-16 23:00:00,0.139,0.30829284332688583,0.0,0.10903409
2030-02-17 00:00:00,0.12460000000000002,0.31160599613152806,0.0,0.109081474
2030-02-17 01:00:00,0.1085,0.30692088974854936,0.0,0.109118025
2030-02-17 02:00:00,0.1007,0.3041411992263056,0.0,0.109154575
2030-02-17 03:00:00,0.09790000000000001,0.30309284332688585,0.0,0.109191125
2030-02-17 04:00:00,0.097,0.30034255319148934,0.0,0.109227675
2030-02-17 05:00:00,0.0991,0.2906442940038685,0.0005,0.109264225
2030-02-17 06:00:00,0.0897,0.276016247582205,0.0816,0.109300775
2030-02-17 07:00:00,0.1757,0.2511003868471953,0.2656,0.109337325
2030-02-17 08:00:00,0.2557,0.22935415860735006,0.4326,0.109373875
2030-02-17 09:00:00,0.24,0.1868193423597679,0.5569,0.10941042599999999
2030-02-17 10:00:00,0.1926,0.15258588007736945,0.6247,0.109446976
2030-02-17 11:00:00,0.149,0.1338615087040619,0.6359,0.109483526
2030-02-17 12:00:00,0.10919999999999999,0.12090986460348165,0.5909,0.109520076
2030-02-17 13:00:00,0.0729,0.10550502901353966,0.4962,0.10955662599999999
2030-02-17 14:00:00,0.0493,0.08359883945841393,0.3456,0.109593176
2030-02-17 15:00:00,0.03269999999999999,0.0630992263056093,0.1511,0.109629726
2030-02-17 16:00:00,0.0277,0.057296324951644106,0.007,0.109666276
2030-02-17 17:00:00,0.041199999999999994,0.053606189555125736,0.0,0.10970282699999999
2030-02-17 18:00:00,0.0728,0.05318065764023211,0.0,0.109739377
2030-02-17 19:00:00,0.11270000000000001,0.06252630560928434,0.0,0.109775927
2030-02-17 20:00:00,0.15699999999999997,0.07940735009671182,0.0,0.10981247699999999
2030-02-17 21:00:00,0.1886,0.09505261121856866,0.0,0.10984902699999999
2030-02-17 22:00:00,0.1961,0.10957930367504835,0.0,0.109885577
2030-02-17 23:00:00,0.1959,0.12207427466150869,0.0,0.109922127
2030-02-18 00:00:00,0.1961,0.12414216634429401,0.0,0.10995867699999999
2030-02-18 01:00:00,0.1935,0.11923810444874275,0.0,0.110005595
2030-02-18 02:00:00,0.1747,0.11726943907156673,0.0,0.11005251199999999
2030-02-18 03:00:00,0.1547,0.11305667311411992,0.0,0.110099429
2030-02-18 04:00:00,0.1445,0.11102823984526111,0.0,0.11014634599999999
2030-02-18 05:00:00,0.14079999999999998,0.10911141199226307,0.0003,0.11019326300000001
2030-02-18 06:00:00,0.1336,0.0947083172147002,0.0483,0.11024018099999999
2030-02-18 07:00:00,0.1071,0.06244526112185687,0.1744,0.11028709800000001
2030-02-18 08:00:00,0.10919999999999999,0.03784545454545455,0.3093,0.110334015
2030-02-18 09:00:00,0.1058,0.029660735009671185,0.4201,0.11038093199999999
2030-02-18 10:00:00,0.1076,0.024874854932301745,0.4838,0.11042784900000001
2030-02-18 11:00:00,0.11759999999999998,0.023431334622823985,0.4958,0.11047476699999999
2030-02-18 12:00:00,0.11899999999999998,0.021318568665377173,0.4562,0.11052168400000001
2030-02-18 13:00:00,0.1087,0.0277541586073501,0.3708,0.110568601
2030-02-18 14:00:00,0.0965,0.032703288201160544,0.2461,0.11061551800000001
2030-02-18 15:00:00,0.0957,0.04252901353965184,0.0996,0.110662436
2030-02-18 16:00:00,0.11270000000000001,0.05433191489361702,0.0048,0.11070935300000001
2030-02-18 17:00:00,0.1291,0.05187911025145067,0.0,0.11075627
2030-02-18 18:00:00,0.1502,0.04953172147001934,0.0,0.110803187
2030-02-18 19:00:00,0.1594,0.049362088974854924,0.0,0.110850104
2030-02-18 20:00:00,0.1554,0.05042282398452611,0.0,0.110897022
2030-02-18 21:00:00,0.1595,0.04969941972920697,0.0,0.110943939
2030-02-18 22:00:00,0.1595,0.04938452611218569,0.0,0.110990856
2030-02-18 23:00:00,0.1624,0.05176382978723404,0.0,0.111037773
2030-02-19 00:00:00,0.1711,0.0567963249516441,0.0,0.11108469
2030-02-19 01:00:00,0.1812,0.06308665377176016,0.0,0.111197382
2030-02-19 02:00:00,0.18999999999999997,0.06312804642166345,0.0,0.11131007400000001
2030-02-19 03:00:00,0.1823,0.059658607350096704,0.0,0.111422765
2030-02-19 04:00:00,0.1625,0.05941257253384912,0.0,0.11153545699999999
2030-02-19 05:00:00,0.1502,0.06493481624758221,0.0004,0.111648148
2030-02-19 06:00:00,0.1423,0.07218413926499033,0.0459,0.11176084
2030-02-19 07:00:00,0.1491,0.07756460348162475,0.1537,0.111873532
2030-02-19 08:00:00,0.1764,0.09622804642166344,0.2726,0.11198622300000001
2030-02-19 09:00:00,0.195,0.1249274661508704,0.3731,0.112098915
2030-02-19 10:00:00,0.23870000000000002,0.15086576402321084,0.421,0.11221160599999999
2030-02-19 11:00:00,0.2786,0.16531740812379112,0.4328,0.112324298
2030-02-19 12:00:00,0.3004,0.16823307543520308,0.3994,0.11243699
2030-02-19 13:00:00,0.29170000000000007,0.176174081237911,0.3212,0.112549681
2030-02-19 14:00:00,0.2497,0.1696731141199226,0.2076,0.11266237300000001
2030-02-19 15:00:00,0.1607,0.1427688588007737,0.0783,0.11277506400000001
2030-02-19 16:00:00,0.1265,0.13693752417794972,0.0035,0.11288775599999999
2030-02-19 17:00:00,0.118,0.1352311411992263,0.0,0.113000448
2030-02-19 18:00:00,0.1201,0.13504003868471953,0.0,0.113113139
2030-02-19 19:00:00,0.1235,0.1356183752417795,0.0,0.113225831
2030-02-19 20:00:00,0.1209,0.144078916827853,0.0,0.113338522
2030-02-19 21:00:00,0.12240000000000001,0.16123114119922632,0.0,0.11345121400000001
2030-02-19 22:00:00,0.1301,0.17069864603481624,0.0,0.11356390599999999
2030-02-19 23:00:00,0.13770000000000002,0.1670384912959381,0.0,0.11367659699999999
2030-02-20 00:00:00,0.14540000000000003,0.15596073500967117,0.0,0.113789289
2030-02-20 01:00:00,0.153,0.1458882011605416,0.0,0.11402476199999999
2030-02-20 02:00:00,0.1554,0.1410493230174081,0.0,0.114260235
2030-02-20 03:00:00,0.1392,0.12913810444874274,0.0,0.114495708
2030-02-20 04:00:00,0.1144,0.11310502901353964,0.0,0.114731181
2030-02-20 05:00:00,0.0956,0.10942920696324951,0.0,0.114966654
2030-02-20 06:00:00,0.08129999999999998,0.1112889748549323,0.017,0.11520212699999999
2030-02-20 07:00:00,0.054,0.12131566731141198,0.0806,0.1154376
2030-02-20 08:00:00,0.04460000000000001,0.13665570599613153,0.1558,0.115673074
2030-02-20 09:00:00,0.05949999999999999,0.14841121856866538,0.2263,0.11590854699999999
2030-02-20 10:00:00,0.0746,0.1552350096711799,0.2627,0.11614402
2030-02-20 11:00:00,0.07830000000000001,0.1766266924564797,0.2672,0.116379493
2030-02-20 12:00:00,0.0735,0.19386692456479687,0.2458,0.116614966
2030-02-20 13:00:00,0.0637,0.1966771760154739,0.2072,0.116850439
2030-02-20 14:00:00,0.0541,0.19998781431334622,0.143,0.11708591199999999
2030-02-20 15:00:00,0.0394,0.21239651837524176,0.0613,0.117321385
2030-02-20 16:00:00,0.0314,0.2278690522243714,0.0038,0.11755685800000001
2030-02-20 17:00:00,0.0285,0.23912823984526108,0.0,0.117792331
2030-02-20 18:00:00,0.030900000000000004,0.22654700193423596,0.0,0.118027804
2030-02-20 19:00:00,0.0373,0.20382263056092842,0.0,0.11826327699999999
2030-02-20 20:00:00,0.0481,0.17992882011605416,0.0,0.118498751
2030-02-20 21:00:00,0.0555,0.15385435203094774,0.0,0.118734224
2030-02-20 22:00:00,0.06,0.14775261121856864,0.0,0.118969697
2030-02-20 23:00:00,0.0638,0.15049864603481625,0.0,0.11920517
2030-02-21 00:00:00,0.0648,0.17222224371373307,0.0,0.11944064300000001
2030-02-21 01:00:00,0.0592,0.2057899419729207,0.0,0.11990241
2030-02-21 02:00:00,0.0476,0.23587466150870406,0.0,0.12036417699999999
2030-02-21 03:00:00,0.0337,0.2542682785299807,0.0,0.120825944
2030-02-21 04:00:00,0.024,0.27874294003868477,0.0,0.12128771099999999
2030-02-21 05:00:00,0.02,0.2972292069632495,0.0001,0.12174947800000001
2030-02-21 06:00:00,0.0175,0.278252417794971,0.0487,0.122211245
2030-02-21 07:00:00,0.0118,0.2766148936170213,0.1855,0.122673012
2030-02-21 08:00:00,0.0481,0.30186847195357835,0.3195,0.123134779
2030-02-21 09:00:00,0.0821,0.292195744680851,0.4115,0.12359654699999999
2030-02-21 10:00:00,0.08700000000000001,0.304442746615087,0.4556,0.124058314
2030-02-21 11:00:00,0.1049,0.3722158607350097,0.4574,0.12452008099999999
2030-02-21 12:00:00,0.1436,0.4213011605415861,0.4237,0.124981848
2030-02-21 13:00:00,0.1981,0.4615353965183752,0.3527,0.125443615
2030-02-21 14:00:00,0.23909999999999998,0.440736750483559,0.2454,0.12590538199999998
2030-02-21 15:00:00,0.2286,0.44377272727272726,0.1141,0.126367149
2030-02-21 16:00:00,0.2412,0.4572642166344294,0.0098,0.12682891599999999
2030-02-21 17:00:00,0.2736,0.47283114119922637,0.0,0.12729068300000002
2030-02-21 18:00:00,0.2654,0.49234661508704064,0.0,0.12775245
2030-02-21 19:00:00,0.2333,0.5366560928433269,0.0,0.128214217
2030-02-21 20:00:00,0.20240000000000002,0.5419787234042553,0.0,0.128675984
2030-02-21 21:00:00,0.1946,0.518784332688588,0.0,0.129137751
2030-02-21 22:00:00,0.2143,0.5178835589941974,0.0,0.129599518
2030-02-21 23:00:00,0.2702,0.5250222437137332,0.0,0.130061285
2030-02-22 00:00:00,0.2918,0.5314655705996132,0.0,0.130523052
2030-02-22 01:00:00,0.3192,0.532637330754352,0.0,0.13160260000000001
2030-02-22 02:00:00,0.3677,0.5491450676982592,0.0,0.132682147
2030-02-22 03:00:00,0.4267,0.5144545454545454,0.0,0.13376169400000001
2030-02-22 04:00:00,0.4413,0.4216593810444874,0.0,0.134841242
2030-02-22 05:00:00,0.465,0.35322611218568667,0.0,0.13592078900000001
2030-02-22 06:00:00,0.5098,0.30120657640232107,0.0444,0.137000336
2030-02-22 07:00:00,0.552,0.3211191489361702,0.165,0.138079884
2030-02-22 08:00:00,0.5595,0.36506305609284334,0.2834,0.139159431
2030-02-22 09:00:00,0.5769,0.3903272727272727,0.3842,0.14023897800000001
2030-02-22 10:00:00,0.61,0.4240930367504835,0.4486,0.141318526
2030-02-22 11:00:00,0.6482,0.45296015473887813,0.4703,0.14239807300000001
2030-02-22 12:00:00,0.6714,0.45878916827852995,0.4425,0.14347762
2030-02-22 13:00:00,0.6544,0.4524748549323017,0.3705,0.144557168
2030-02-22 14:00:00,0.6053,0.436505996131528,0.2613,0.145636715
2030-02-22 15:00:00,0.5804,0.39641005802707935,0.1261,0.146716262
2030-02-22 16:00:00,0.5917,0.3663392649903288,0.0125,0.14779581
2030-02-22 17:00:00,0.6008,0.37398646034816246,0.0,0.14887535699999999
2030-02-22 18:00:00,0.5939,0.3777800773694391,0.0,0.149954904
2030-02-22 19:00:00,0.5777999999999999,0.375227079303675,0.0,0.15103445199999999
2030-02-22 20:00:00,0.5231000000000001,0.3793448742746615,0.0,0.152113999
2030-02-22 21:00:00,0.48339999999999994,0.38292166344294,0.0,0.15319354599999999
2030-02-22 22:00:00,0.3948,0.3842584139264991,0.0,0.154273094
2030-02-22 23:00:00,0.3083,0.362305415860735,0.0,0.15535264099999999
2030-02-23 00:00:00,0.2611,0.3305201160541586,0.0,0.156432188
2030-02-23 01:00:00,0.2242,0.3079947775628627,0.0,0.157348143
2030-02-23 02:00:00,0.1887,0.308427079303675,0.0,0.15826409800000002
2030-02-23 03:00:00,0.1667,0.3328135396518375,0.0,0.15918005300000002
2030-02-23 04:00:00,0.152,0.34900174081237906,0.0,0.160096008
2030-02-23 05:00:00,0.1356,0.35509941972920694,0.0001,0.16101196199999998
2030-02-23 06:00:00,0.1218,0.33482185686653765,0.0642,0.161927917
2030-02-23 07:00:00,0.1602,0.28333520309477755,0.2146,0.162843872
2030-02-23 08:00:00,0.19950000000000004,0.3441239845261122,0.3562,0.163759827
2030-02-23 09:00:00,0.18390000000000004,0.33124158607350096,0.4548,0.164675782
2030-02-23 10:00:00,0.1557,0.27468858800773693,0.5028,0.165591737
2030-02-23 11:00:00,0.13409999999999997,0.22049497098646034,0.4956,0.16650769099999999
2030-02-23 12:00:00,0.121,0.17816576402321085,0.4472,0.167423646
2030-02-23 13:00:00,0.1107,0.1512305609284333,0.3612,0.168339601
2030-02-23 14:00:00,0.10400000000000001,0.12896576402321083,0.2416,0.169255556
2030-02-23 15:00:00,0.097,0.10184584139264992,0.1066,0.17017151100000003
2030-02-23 16:00:00,0.1038,0.09833539651837524,0.0076,0.17108746600000002
2030-02-23 17:00:00,0.0795,0.11238452611218568,0.0,0.17200342
2030-02-23 18:00:00,0.05450000000000001,0.13621102514506772,0.0,0.172919375
2030-02-23 19:00:00,0.0503,0.16230831721470018,0.0,0.17383533
2030-02-23 20:00:00,0.0474,0.1824497098646035,0.0,0.174751285
2030-02-23 21:00:00,0.0524,0.18478433268858804,0.0,0.17566724
2030-02-23 22:00:00,0.064,0.18822437137330755,0.0,0.176583195
2030-02-23 23:00:00,0.0746,0.19058336557059957,0.0,0.177499149
2030-02-24 00:00:00,0.0845,0.19106750483558996,0.0,0.178415104
2030-02-24 01:00:00,0.0944,0.19083268858800773,0.0,0.178849762
2030-02-24 02:00:00,0.10010000000000001,0.18398510638297874,0.0,0.17928441899999997
2030-02-24 03:00:00,0.0974,0.17914274661508703,0.0,0.179719076
2030-02-24 04:00:00,0.0924,0.17502379110251448,0.0,0.18015373399999998
2030-02-24 05:00:00,0.08959999999999999,0.17696653771760154,0.0012,0.18058839100000001
2030-02-24 06:00:00,0.08200000000000002,0.17462785299806574,0.1114,0.181023049
2030-02-24 07:00:00,0.0536,0.15805880077369439,0.2975,0.18145770600000002
2030-02-24 08:00:00,0.0823,0.14913346228239846,0.4527,0.181892363
2030-02-24 09:00:00,0.0997,0.13039883945841393,0.5605,0.182327021
2030-02-24 10:00:00,0.1088,0.11728742746615088,0.6194,0.182761678
2030-02-24 11:00:00,0.1219,0.12339729206963251,0.6291,0.18319633600000002
2030-02-24 12:00:00,0.126,0.14144448742746615,0.5892,0.18363099300000002
2030-02-24 13:00:00,0.11710000000000001,0.15352340425531916,0.4994,0.18406565100000002
2030-02-24 14:00:00,0.09530000000000001,0.15171470019342362,0.3612,0.184500308
2030-02-24 15:00:00,0.0613,0.14477311411992264,0.1789,0.184934965
2030-02-24 16:00:00,0.0342,0.16361295938104448,0.0181,0.185369623
2030-02-24 17:00:00,0.0138,0.19722108317214698,0.0,0.18580428
2030-02-24 18:00:00,0.0099,0.2278924564796905,0.0,0.18623893800000002
2030-02-24 19:00:00,0.0258,0.25549845261121856,0.0,0.186673595
2030-02-24 20:00:00,0.0568,0.2827537717601547,0.0,0.187108252
2030-02-24 21:00:00,0.0959,0.29299400386847196,0.0,0.18754291
2030-02-24 22:00:00,0.136,0.292674081237911,0.0,0.18797756699999998
2030-02-24 23:00:00,0.1736,0.2870263056092843,0.0,0.188412225
2030-02-25 00:00:00,0.1974,0.2793557059961315,0.0,0.188846882
2030-02-25 01:00:00,0.2084,0.2710286266924565,0.0,0.189190992
2030-02-25 02:00:00,0.2089,0.2655201160541586,0.0,0.189535101
2030-02-25 03:00:00,0.20690000000000003,0.26385106382978724,0.0,0.18987921100000002
2030-02-25 04:00:00,0.2122,0.26707098646034816,0.0,0.19022332100000003
2030-02-25 05:00:00,0.2223,0.26782147001934237,0.002,0.190567431
2030-02-25 06:00:00,0.1948,0.22890618955512573,0.1058,0.19091154
2030-02-25 07:00:00,0.11899999999999998,0.1427382978723404,0.2698,0.19125565
2030-02-25 08:00:00,0.1069,0.08538085106382977,0.4206,0.19159976
2030-02-25 09:00:00,0.1122,0.05823713733075435,0.5312,0.191943869
2030-02-25 10:00:00,0.1143,0.04458065764023211,0.5906,0.192287979
2030-02-25 11:00:00,0.1209,0.0482816247582205,0.6035,0.19263208899999998
2030-02-25 12:00:00,0.129,0.056897098646034816,0.5649,0.192976199
2030-02-25 13:00:00,0.1409,0.06530232108317215,0.4784,0.193320308
2030-02-25 14:00:00,0.1597,0.08119883945841393,0.3432,0.193664418
2030-02-25 15:00:00,0.1803,0.12663539651837524,0.1682,0.194008528
2030-02-25 16:00:00,0.2129,0.18245009671179882,0.0159,0.194352638
2030-02-25 17:00:00,0.2247,0.21017059961315282,0.0,0.194696747
2030-02-25 18:00:00,0.2183,0.21532572533849126,0.0,0.19504085699999998
2030-02-25 19:00:00,0.21460000000000004,0.20835183752417794,0.0,0.195384967
2030-02-25 20:00:00,0.2119,0.20643326885880078,0.0,0.195729076
2030-02-25 21:00:00,0.20769999999999997,0.20937911025145065,0.0,0.196073186
2030-02-25 22:00:00,0.2023,0.22352978723404254,0.0,0.19641729600000002
2030-02-25 23:00:00,0.2023,0.2396549323017408,0.0,0.19676140600000003
2030-02-26 00:00:00,0.2027,0.2367087040618956,0.0,0.197105515
2030-02-26 01:00:00,0.1963,0.23460444874274664,0.0,0.19745985
2030-02-26 02:00:00,0.1869,0.22998723404255317,0.0,0.19781418399999998
2030-02-26 03:00:00,0.1701,0.2143663442940039,0.0,0.19816851800000002
2030-02-26 04:00:00,0.1612,0.2027814313346228,0.0,0.198522852
2030-02-26 05:00:00,0.16,0.1983446808510638,0.0006,0.19887718699999998
2030-02-26 06:00:00,0.1435,0.19722998065764022,0.0697,0.19923152100000002
2030-02-26 07:00:00,0.1256,0.1871880077369439,0.209,0.199585855
2030-02-26 08:00:00,0.11010000000000002,0.2011193423597679,0.3579,0.199940189
2030-02-26 09:00:00,0.0965,0.20476402321083173,0.4751,0.20029452399999997
2030-02-26 10:00:00,0.0969,0.22684738878143132,0.5422,0.200648858
2030-02-26 11:00:00,0.10230000000000002,0.2746050290135396,0.5359,0.201003192
2030-02-26 12:00:00,0.1038,0.3099197292069632,0.4654,0.201357526
2030-02-26 13:00:00,0.0956,0.33014816247582207,0.3657,0.20171186100000002
2030-02-26 14:00:00,0.0871,0.32106189555125725,0.2471,0.202066195
2030-02-26 15:00:00,0.10169999999999998,0.3008338491295938,0.1236,0.202420529
2030-02-26 16:00:00,0.1505,0.30717059961315285,0.017,0.202774863
2030-02-26 17:00:00,0.27699999999999997,0.3212808510638298,0.0,0.203129198
2030-02-26 18:00:00,0.43600000000000005,0.35742746615087045,0.0,0.203483532
2030-02-26 19:00:00,0.5055000000000001,0.40435531914893613,0.0,0.203837866
2030-02-26 20:00:00,0.5555,0.4064077369439072,0.0,0.2041922
2030-02-26 21:00:00,0.5467,0.3802040618955513,0.0,0.204546535
2030-02-26 22:00:00,0.5908000000000001,0.36629245647969055,0.0,0.20490086899999999
2030-02-26 23:00:00,0.7546000000000002,0.34594545454545456,0.0,0.205255203
2030-02-27 00:00:00,0.8106999999999999,0.32825125725338494,0.0,0.20560953699999998
2030-02-27 01:00:00,0.8078999999999998,0.34077330754352025,0.0,0.20577419100000002
2030-02-27 02:00:00,0.7972,0.3727622823984526,0.0,0.205938845
2030-02-27 03:00:00,0.7925,0.4693255319148936,0.0,0.206103499
2030-02-27 04:00:00,0.7989,0.5692206963249516,0.0,0.20626815199999998
2030-02-27 05:00:00,0.8027,0.6364050290135397,0.0017,0.20643280600000002
2030-02-27 06:00:00,0.8018999999999998,0.5904669245647969,0.1204,0.20659746
2030-02-27 07:00:00,0.8805,0.6002669245647969,0.3045,0.206762114
2030-02-27 08:00:00,0.8983,0.7314647969052224,0.4678,0.20692676699999998
2030-02-27 09:00:00,0.8948,0.7421313346228239,0.5812,0.20709142100000003
2030-02-27 10:00:00,0.8855,0.7251659574468086,0.6448,0.207256075
2030-02-27 11:00:00,0.8647999999999999,0.7082174081237911,0.659,0.207420729
2030-02-27 12:00:00,0.8381,0.6911344294003868,0.6205,0.20758538199999998
2030-02-27 13:00:00,0.8153,0.671399419729207,0.5308,0.20775003600000003
2030-02-27 14:00:00,0.7849,0.641120502901354,0.3869,0.20791469
2030-02-27 15:00:00,0.7331999999999999,0.5977930367504836,0.1877,0.20807934399999997
2030-02-27 16:00:00,0.6443,0.5555748549323016,0.018,0.208243997
2030-02-27 17:00:00,0.5937,0.5315392649903288,0.0,0.20840865100000003
2030-02-27 18:00:00,0.5679000000000001,0.5075096711798839,0.0,0.208573305
2030-02-27 19:00:00,0.5595,0.48150464216634425,0.0,0.20873795899999997
2030-02-27 20:00:00,0.5291,0.45920174081237913,0.0,0.208902612
2030-02-27 21:00:00,0.4814,0.4479852998065765,0.0,0.209067266
2030-02-27 22:00:00,0.4526,0.43826344294003866,0.0,0.20923192
2030-02-27 23:00:00,0.4119,0.4108572533849129,0.0,0.20939657399999997
2030-02-28 00:00:00,0.3508,0.3837945841392649,0.0,0.209561227
2030-02-28 01:00:00,0.2986,0.35050947775628627,0.0,0.209579126
2030-02-28 02:00:00,0.2649,0.32649477756286266,0.0,0.209597025
2030-02-28 03:00:00,0.2378,0.30050773694390714,0.0,0.20961492399999998
2030-02-28 04:00:00,0.2015,0.2707644100580271,0.0,0.209632823
2030-02-28 05:00:00,0.1776,0.2640439071566731,0.0018,0.20965072199999998
2030-02-28 06:00:00,0.1317,0.25453288201160545,0.0912,0.20966862100000003
2030-02-28 07:00:00,0.2272,0.2460218568665377,0.256,0.20968652
2030-02-28 08:00:00,0.3176999999999999,0.245457253384913,0.4096,0.209704418
2030-02-28 09:00:00,0.2326,0.21236827852998066,0.5255,0.209722317
2030-02-28 10:00:00,0.1843,0.17838549323017408,0.6014,0.209740216
2030-02-28 11:00:00,0.1635,0.14232456479690522,0.6275,0.209758115
2030-02-28 12:00:00,0.1279,0.10276324951644102,0.5983,0.20977601399999998
2030-02-28 13:00:00,0.1186,0.0850634429400387,0.5054,0.209793913
2030-02-28 14:00:00,0.0996,0.0764688588007737,0.3588,0.209811812
2030-02-28 15:00:00,0.0721,0.06679690522243714,0.1756,0.20982971
2030-02-28 16:00:00,0.0523,0.06861334622823985,0.0217,0.209847609
2030-02-28 17:00:00,0.0467,0.07833791102514508,0.0,0.209865508
2030-02-28 18:00:00,0.0578,0.10025744680851065,0.0,0.209883407
2030-02-28 19:00:00,0.0811,0.13290986460348164,0.0,0.209901306
2030-02-28 20:00:00,0.1107,0.18729651837524178,0.0,0.209919205
2030-02-28 21:00:00,0.1501,0.2415940038684719,0.0,0.20993710399999999
2030-02-28 22:00:00,0.20680000000000004,0.28792185686653776,0.0,0.209955003
2030-02-28 23:00:00,0.25719999999999993,0.31384081237911027,0.0,0.20997290100000002
2030-03-01 00:00:00,0.25010000000000004,0.29328491295938103,0.0,0.20999079999999998
2030-03-01 01:00:00,0.2323,0.2801030947775629,0.0,0.210082591
2030-03-01 02:00:00,0.22350000000000003,0.2577410058027079,0.0,0.21017438300000002
2030-03-01 03:00:00,0.1909,0.23595377176015472,0.0,0.21026617399999997
2030-03-01 04:00:00,0.1714,0.21944642166344297,0.0,0.210357965
2030-03-01 05:00:00,0.14550000000000002,0.20911315280464218,0.0029,0.21044975600000002
2030-03-01 06:00:00,0.1307,0.17193907156673113,0.125,0.210541547
2030-03-01 07:00:00,0.15660000000000002,0.14115628626692456,0.3058,0.210633338
2030-03-01 08:00:00,0.2745,0.16075222437137332,0.4664,0.21072512899999998
2030-03-01 09:00:00,0.3129,0.14827911025145066,0.5711,0.21081692
2030-03-01 10:00:00,0.31760000000000005,0.119821083172147,0.6303,0.21090871100000003
2030-03-01 11:00:00,0.3112,0.09526982591876208,0.6406,0.21100050199999998
2030-03-01 12:00:00,0.3149,0.08276789168278531,0.6008,0.21109229399999999
2030-03-01 13:00:00,0.3277,0.0777137330754352,0.5141,0.211184085
2030-03-01 14:00:00,0.31540000000000007,0.07188433268858802,0.3799,0.211275876
2030-03-01 15:00:00,0.24890000000000004,0.064784332688588,0.2014,0.21136766699999998
2030-03-01 16:00:00,0.1962,0.06426673114119923,0.0295,0.21145945800000002
2030-03-01 17:00:00,0.135,0.06414835589941974,0.0,0.211551249
2030-03-01 18:00:00,0.0899,0.06281566731141199,0.0,0.21164304
2030-03-01 19:00:00,0.053,0.06654758220502902,0.0,0.211734831
2030-03-01 20:00:00,0.0357,0.08012591876208898,0.0,0.211826622
2030-03-01 21:00:00,0.0316,0.0970678916827853,0.0,0.211918413
2030-03-01 22:00:00,0.0319,0.10814970986460348,0.0,0.212010205
2030-03-01 23:00:00,0.0285,0.11387021276595745,0.0,0.21210199600000001
2030-03-02 00:00:00,0.031200000000000002,0.11869690522243713,0.0,0.212193787
2030-03-02 01:00:00,0.042100000000000005,0.12611237911025144,0.0,0.212407385
2030-03-02 02:00:00,0.06199999999999999,0.13364081237911027,0.0,0.21262098399999999
2030-03-02 03:00:00,0.0801,0.13008201160541585,0.0,0.212834582
2030-03-02 04:00:00,0.1089,0.12377408123791102,0.0,0.213048181
2030-03-02 05:00:00,0.1543,0.10976576402321084,0.0046,0.21326177899999998
2030-03-02 06:00:00,0.1736,0.08944545454545455,0.1382,0.213475377
2030-03-02 07:00:00,0.14550000000000002,0.07314777562862669,0.3138,0.213688976
2030-03-02 08:00:00,0.19219999999999998,0.07329748549323016,0.4639,0.21390257399999998
2030-03-02 09:00:00,0.20020000000000002,0.07535725338491295,0.5691,0.21411617300000002
2030-03-02 10:00:00,0.1831,0.07565106382978723,0.6272,0.214329771
2030-03-02 11:00:00,0.1624,0.0791090909090909,0.6371,0.21454337
2030-03-02 12:00:00,0.1422,0.0832642166344294,0.5984,0.21475696800000002
2030-03-02 13:00:00,0.1209,0.08814274661508704,0.5127,0.214970567
2030-03-02 14:00:00,0.1035,0.0938615087040619,0.3795,0.215184165
2030-03-02 15:00:00,0.103,0.1219816247582205,0.2003,0.215397764
2030-03-02 16:00:00,0.1483,0.15997272727272727,0.031,0.215611362
2030-03-02 17:00:00,0.1813,0.17179574468085107,0.0,0.21582496
2030-03-02 18:00:00,0.2271,0.17054274661508706,0.0,0.216038559
2030-03-02 19:00:00,0.2378,0.17326034816247582,0.0,0.216252157
2030-03-02 20:00:00,0.2259,0.1838110251450677,0.0,0.216465756
2030-03-02 21:00:00,0.23640000000000003,0.19663636363636364,0.0,0.216679354
2030-03-02 22:00:00,0.2416,0.2044870406189555,0.0,0.216892953
2030-03-02 23:00:00,0.24879999999999994,0.2059448742746615,0.0,0.217106551
2030-03-03 00:00:00,0.2491,0.20678781431334622,0.0,0.21732015
2030-03-03 01:00:00,0.24260000000000004,0.20759613152804643,0.0,0.21764217100000002
2030-03-03 02:00:00,0.241,0.2063957446808511,0.0,0.217964192
2030-03-03 03:00:00,0.2253,0.2072558994197292,0.0,0.218286213
2030-03-03 04:00:00,0.2237,0.2077110251450677,0.0,0.218608235
2030-03-03 05:00:00,0.2085,0.20384177949709864,0.0038,0.21893025600000002
2030-03-03 06:00:00,0.1752,0.17262765957446807,0.1101,0.219252277
2030-03-03 07:00:00,0.13330000000000003,0.11260580270793037,0.282,0.219574298
2030-03-03 08:00:00,0.09250000000000001,0.1152036750483559,0.444,0.21989632
2030-03-03 09:00:00,0.0584,0.12653152804642168,0.561,0.220218341
2030-03-03 10:00:00,0.0454,0.1343410058027079,0.624,0.220540362
2030-03-03 11:00:00,0.045,0.14381624758220504,0.6328,0.220862383
2030-03-03 12:00:00,0.0455,0.1544249516441006,0.5889,0.221184405
2030-03-03 13:00:00,0.043,0.160841586073501,0.4969,0.221506426
2030-03-03 14:00:00,0.0381,0.1625311411992263,0.3583,0.22182844699999998
2030-03-03 15:00:00,0.03379999999999999,0.16786673114119927,0.1819,0.22215046800000002
2030-03-03 16:00:00,0.0368,0.19179400386847195,0.0251,0.22247249
2030-03-03 17:00:00,0.04259999999999999,0.1976396518375242,0.0,0.22279451100000003
2030-03-03 18:00:00,0.0577,0.1887073500967118,0.0,0.223116532
2030-03-03 19:00:00,0.0752,0.17000889748549325,0.0,0.223438553
2030-03-03 20:00:00,0.0868,0.15822224371373309,0.0,0.223760575
2030-03-03 21:00:00,0.0943,0.15241586073500968,0.0,0.22408259600000002
2030-03-03 22:00:00,0.0882,0.16728742746615088,0.0,0.224404617
2030-03-03 23:00:00,0.08050000000000002,0.19841005802707928,0.0,0.224726638
2030-03-04 00:00:00,0.0747,0.22986537717601546,0.0,0.22504866
2030-03-04 01:00:00,0.0655,0.24919400386847196,0.0,0.225314846
2030-03-04 02:00:00,0.0584,0.2587228239845261,0.0,0.225581032
2030-03-04 03:00:00,0.0539,0.26058858800773693,0.0,0.22584721800000002
2030-03-04 04:00:00,0.0513,0.25398665377176016,0.0,0.226113405
2030-03-04 05:00:00,0.051,0.240716247582205,0.003,0.22637959100000002
2030-03-04 06:00:00,0.03,0.19229148936170212,0.0701,0.226645777
2030-03-04 07:00:00,0.012400000000000001,0.1308075435203095,0.1916,0.226911964
2030-03-04 08:00:00,0.0127,0.12752804642166343,0.318,0.22717815
2030-03-04 09:00:00,0.0247,0.14778916827852998,0.415,0.22744433600000002
2030-03-04 10:00:00,0.0371,0.20878820116054161,0.4671,0.227710522
2030-03-04 11:00:00,0.0491,0.31113500967117985,0.4632,0.22797670899999997
2030-03-04 12:00:00,0.058499999999999996,0.3713077369439071,0.4067,0.228242895
2030-03-04 13:00:00,0.06170000000000001,0.3467520309477756,0.3281,0.228509081
2030-03-04 14:00:00,0.066,0.29583191489361704,0.2212,0.228775268
2030-03-04 15:00:00,0.07440000000000001,0.2663918762088975,0.0999,0.22904145399999998
2030-03-04 16:00:00,0.0814,0.2661083172147002,0.0121,0.22930764
2030-03-04 17:00:00,0.0901,0.26663481624758223,0.0,0.229573826
2030-03-04 18:00:00,0.0891,0.24903346228239845,0.0,0.229840013
2030-03-04 19:00:00,0.09530000000000001,0.2368688588007737,0.0,0.23010619899999998
2030-03-04 20:00:00,0.0882,0.21567852998065765,0.0,0.230372385
2030-03-04 21:00:00,0.0793,0.19721083172147005,0.0,0.23063857100000001
2030-03-04 22:00:00,0.0775,0.20253268858800774,0.0,0.23090475800000002
2030-03-04 23:00:00,0.0636,0.23594854932301743,0.0,0.231170944
2030-03-05 00:00:00,0.0515,0.27398820116054157,0.0,0.23143713
2030-03-05 01:00:00,0.042,0.30601179883945845,0.0,0.231573114
2030-03-05 02:00:00,0.037,0.28325938104448745,0.0,0.231709098
2030-03-05 03:00:00,0.0351,0.2864765957446809,0.0,0.23184508199999998
2030-03-05 04:00:00,0.03470000000000001,0.2861419729206963,0.0,0.231981066
2030-03-05 05:00:00,0.0344,0.2757375241779497,0.0007,0.23211705
2030-03-05 06:00:00,0.0292,0.24032591876208895,0.0397,0.232253034
2030-03-05 07:00:00,0.02,0.25983017408123793,0.1232,0.232389018
2030-03-05 08:00:00,0.0154,0.2810249516441006,0.2186,0.232525001
2030-03-05 09:00:00,0.015600000000000001,0.2882166344294004,0.2939,0.232660985
2030-03-05 10:00:00,0.018699999999999998,0.29351160541586074,0.327,0.232796969
2030-03-05 11:00:00,0.021600000000000005,0.31352166344294,0.3269,0.232932953
2030-03-05 12:00:00,0.0227,0.32921702127659574,0.3048,0.233068937
2030-03-05 13:00:00,0.017900000000000003,0.33395454545454545,0.2487,0.233204921
2030-03-05 14:00:00,0.010299999999999998,0.333572920696325,0.1671,0.233340905
2030-03-05 15:00:00,0.0036,0.30744719535783366,0.0779,0.233476889
2030-03-05 16:00:00,0.004200000000000001,0.28057059961315284,0.0102,0.233612872
2030-03-05 17:00:00,0.013999999999999999,0.2769961315280464,0.0,0.233748856
2030-03-05 18:00:00,0.0305,0.28764622823984526,0.0,0.23388484
2030-03-05 19:00:00,0.0476,0.2999860735009671,0.0,0.234020824
2030-03-05 20:00:00,0.06149999999999999,0.31701044487427466,0.0,0.234156808
2030-03-05 21:00:00,0.0745,0.345537330754352,0.0,0.234292792
2030-03-05 22:00:00,0.0814,0.3913690522243714,0.0,0.234428776
2030-03-05 23:00:00,0.08,0.4232191489361702,0.0,0.23456476
2030-03-06 00:00:00,0.0752,0.4204516441005802,0.0,0.234700744
2030-03-06 01:00:00,0.078,0.40642669245647967,0.0,0.23489454199999998
2030-03-06 02:00:00,0.0888,0.3961943907156673,0.0,0.235088341
2030-03-06 03:00:00,0.0987,0.37646441005802705,0.0,0.23528214
2030-03-06 04:00:00,0.09140000000000001,0.363647001934236,0.0,0.235475939
2030-03-06 05:00:00,0.08239999999999999,0.35495764023210835,0.0016,0.23566973800000002
2030-03-06 06:00:00,0.0712,0.30704835589941976,0.0581,0.235863536
2030-03-06 07:00:00,0.08299999999999999,0.29001489361702126,0.1737,0.236057335
2030-03-06 08:00:00,0.0836,0.2814311411992263,0.2932,0.23625113399999997
2030-03-06 09:00:00,0.0859,0.26635183752417796,0.3732,0.236444933
2030-03-06 10:00:00,0.0848,0.2627452611218569,0.407,0.236638732
2030-03-06 11:00:00,0.0784,0.27492978723404254,0.411,0.236832531
2030-03-06 12:00:00,0.0747,0.28832882011605415,0.3783,0.23702632899999998
2030-03-06 13:00:00,0.0796,0.28939361702127664,0.3107,0.237220128
2030-03-06 14:00:00,0.0821,0.2875522243713733,0.2153,0.237413927
2030-03-06 15:00:00,0.0838,0.2777754352030948,0.106,0.23760772600000002
2030-03-06 16:00:00,0.0911,0.26586557059961313,0.016,0.237801525
2030-03-06 17:00:00,0.1126,0.2589017408123791,0.0,0.237995323
2030-03-06 18:00:00,0.1304,0.2480321083172147,0.0,0.238189122
2030-03-06 19:00:00,0.1402,0.24431914893617024,0.0,0.23838292100000003
2030-03-06 20:00:00,0.14770000000000003,0.24027601547388783,0.0,0.23857672
2030-03-06 21:00:00,0.15210000000000004,0.2408117988394584,0.0,0.238770519
2030-03-06 22:00:00,0.1513,0.25695860735009673,0.0,0.238964318
2030-03-06 23:00:00,0.1373,0.22202437137330755,0.0,0.239158116
2030-03-07 00:00:00,0.1078,0.24102011605415863,0.0,0.239351915
2030-03-07 01:00:00,0.081,0.27893907156673114,0.0,0.239475703
2030-03-07 02:00:00,0.0859,0.25289864603481627,0.0,0.23959949
2030-03-07 03:00:00,0.0948,0.23447408123791105,0.0,0.23972327699999998
2030-03-07 04:00:00,0.0893,0.23312959381044487,0.0,0.239847064
2030-03-07 05:00:00,0.0664,0.23412785299806577,0.0029,0.23997085199999998
2030-03-07 06:00:00,0.0479,0.2546268858800774,0.098,0.240094639
2030-03-07 07:00:00,0.06180000000000001,0.296136750483559,0.2493,0.240218426
2030-03-07 08:00:00,0.11270000000000001,0.29828433268858806,0.3855,0.240342214
2030-03-07 09:00:00,0.12,0.30988626692456483,0.4769,0.240466001
2030-03-07 10:00:00,0.1106,0.35860735009671174,0.5309,0.240589788
2030-03-07 11:00:00,0.1056,0.40193965183752417,0.5433,0.240713576
2030-03-07 12:00:00,0.1115,0.4292762088974854,0.5061,0.240837363
2030-03-07 13:00:00,0.12920000000000004,0.43809323017408125,0.4259,0.24096115
2030-03-07 14:00:00,0.13880000000000003,0.4452901353965184,0.3103,0.241084938
2030-03-07 15:00:00,0.13990000000000002,0.44622746615087033,0.1684,0.241208725
2030-03-07 16:00:00,0.12299999999999998,0.4814150870406189,0.0343,0.241332512
2030-03-07 17:00:00,0.12120000000000002,0.5058135396518376,0.0,0.2414563
2030-03-07 18:00:00,0.1106,0.5124986460348162,0.0,0.241580087
2030-03-07 19:00:00,0.09999999999999999,0.4966090909090909,0.0,0.24170387399999999
2030-03-07 20:00:00,0.092,0.42216208897485497,0.0,0.24182766100000003
2030-03-07 21:00:00,0.0844,0.2819371373307543,0.0,0.24195144899999999
2030-03-07 22:00:00,0.0859,0.18118916827853,0.0,0.24207523600000003
2030-03-07 23:00:00,0.08810000000000001,0.10414177949709864,0.0,0.242199023
2030-03-08 00:00:00,0.0952,0.07970909090909091,0.0,0.24232281100000003
2030-03-08 01:00:00,0.1072,0.08678762088974855,0.0,0.242306971
2030-03-08 02:00:00,0.12590000000000004,0.10087678916827852,0.0,0.24229113100000002
2030-03-08 03:00:00,0.13519999999999996,0.1311357833655706,0.0,0.242275292
2030-03-08 04:00:00,0.15929999999999997,0.19834951644100585,0.0,0.242259452
2030-03-08 05:00:00,0.17919999999999997,0.26856731141199225,0.0027,0.242243612
2030-03-08 06:00:00,0.2018,0.3160972920696325,0.082,0.24222777199999998
2030-03-08 07:00:00,0.27629999999999993,0.35992243713733074,0.2086,0.24221193300000002
2030-03-08 08:00:00,0.3724,0.36979671179883944,0.3373,0.242196093
2030-03-08 09:00:00,0.39559999999999995,0.3683392649903288,0.4315,0.242180253
2030-03-08 10:00:00,0.3966,0.3844736943907157,0.4834,0.242164414
2030-03-08 11:00:00,0.3680999999999999,0.39766092843326895,0.4885,0.24214857399999998
2030-03-08 12:00:00,0.36369999999999997,0.4015034816247582,0.4401,0.242132734
2030-03-08 13:00:00,0.3761,0.3769479690522244,0.3608,0.242116895
2030-03-08 14:00:00,0.3499,0.3369052224371374,0.2643,0.242101055
2030-03-08 15:00:00,0.3312,0.27638471953578336,0.1428,0.242085215
2030-03-08 16:00:00,0.31349999999999995,0.2175208897485493,0.0277,0.242069375
2030-03-08 17:00:00,0.317,0.20689206963249518,0.0,0.242053536
2030-03-08 18:00:00,0.3172,0.19344197292069631,0.0,0.24203769600000002
2030-03-08 19:00:00,0.31150000000000005,0.17535764023210837,0.0,0.242021856
2030-03-08 20:00:00,0.3035,0.16113365570599614,0.0,0.242006017
2030-03-08 21:00:00,0.3101,0.14750599613152804,0.0,0.241990177
2030-03-08 22:00:00,0.31549999999999995,0.13129226305609284,0.0,0.24197433699999998
2030-03-08 23:00:00,0.3203,0.12644274661508703,0.0,0.241958497
2030-03-09 00:00:00,0.3017,0.1342466150870406,0.0,0.241942658
2030-03-09 01:00:00,0.2809,0.1437980657640232,0.0,0.241865202
2030-03-09 02:00:00,0.2736,0.1533311411992263,0.0,0.241787745
2030-03-09 03:00:00,0.2654,0.159389748549323,0.0,0.241710289
2030-03-09 04:00:00,0.2513,0.17013268858800776,0.0,0.24163283300000002
2030-03-09 05:00:00,0.2494,0.20053694390715668,0.0045,0.241555377
2030-03-09 06:00:00,0.2471,0.2151268858800774,0.0954,0.241477921
2030-03-09 07:00:00,0.2325,0.21204854932301742,0.248,0.241400465
2030-03-09 08:00:00,0.1887,0.2166767891682785,0.3883,0.241323008
2030-03-09 09:00:00,0.16149999999999998,0.21658201160541585,0.4927,0.241245552
2030-03-09 10:00:00,0.1458,0.22848046421663443,0.548,0.24116809600000003
2030-03-09 11:00:00,0.1414,0.2585232108317215,0.5465,0.24109064
2030-03-09 12:00:00,0.15660000000000002,0.29098104448742745,0.4971,0.241013184
2030-03-09 13:00:00,0.1643,0.339395164410058,0.414,0.24093572800000002
2030-03-09 14:00:00,0.2075,0.4235655705996132,0.3016,0.240858271
2030-03-09 15:00:00,0.2586,0.49191237911025143,0.1711,0.240780815
2030-03-09 16:00:00,0.3277,0.5616899419729207,0.0391,0.24070335899999998
2030-03-09 17:00:00,0.3712,0.6307121856866538,0.0,0.240625903
2030-03-09 18:00:00,0.369,0.7112007736943907,0.0,0.240548447
2030-03-09 19:00:00,0.3485,0.753189748549323,0.0,0.24047099100000002
2030-03-09 20:00:00,0.3561000000000001,0.7602562862669245,0.0,0.240393534
2030-03-09 21:00:00,0.3742,0.7521117988394583,0.0,0.24031607800000002
2030-03-09 22:00:00,0.3612000000000001,0.7550245647969054,0.0,0.24023862199999999
2030-03-09 23:00:00,0.3617,0.7632081237911024,0.0,0.240161166
2030-03-10 00:00:00,0.40040000000000003,0.7773499032882012,0.0,0.24008371
2030-03-10 01:00:00,0.4488,0.7879700193423598,0.0,0.24000364
2030-03-10 02:00:00,0.3985,0.7905222437137331,0.0,0.23992357
2030-03-10 03:00:00,0.3809,0.7955748549323018,0.0,0.23984350100000001
2030-03-10 04:00:00,0.3726,0.8115419729206964,0.0,0.23976343100000003
2030-03-10 05:00:00,0.392,0.8299907156673113,0.0047,0.239683361
2030-03-10 06:00:00,0.4038,0.8324067698259188,0.116,0.23960329100000002
2030-03-10 07:00:00,0.46649999999999997,0.8542914893617022,0.2648,0.23952322199999998
2030-03-10 08:00:00,0.5738,0.8620071566731141,0.385,0.239443152
2030-03-10 09:00:00,0.6422,0.8579752417794971,0.4661,0.239363082
2030-03-10 10:00:00,0.6723999999999999,0.8503531914893617,0.5108,0.239283012
2030-03-10 11:00:00,0.6637,0.8358723404255319,0.5128,0.239202943
2030-03-10 12:00:00,0.6338,0.82671083172147,0.4774,0.239122873
2030-03-10 13:00:00,0.5814,0.8182470019342359,0.4055,0.239042803
2030-03-10 14:00:00,0.5191000000000001,0.8099889748549323,0.3024,0.23896273399999998
2030-03-10 15:00:00,0.4373,0.8061545454545455,0.1739,0.238882664
2030-03-10 16:00:00,0.3977,0.8053738878143134,0.0428,0.23880259399999998
2030-03-10 17:00:00,0.4069,0.8172717601547388,0.0,0.238722524
2030-03-10 18:00:00,0.4071,0.8207980657640233,0.0,0.238642455
2030-03-10 19:00:00,0.40679999999999994,0.8039363636363636,0.0,0.238562385
2030-03-10 20:00:00,0.3736,0.7857791102514506,0.0,0.238482315
2030-03-10 21:00:00,0.3722,0.733851837524178,0.0,0.238402246
2030-03-10 22:00:00,0.3871,0.6869032882011605,0.0,0.23832217600000002
2030-03-10 23:00:00,0.4059,0.6824152804642166,0.0,0.238242106
2030-03-11 00:00:00,0.3953999999999999,0.6843851063829788,0.0,0.23816203600000002
2030-03-11 01:00:00,0.3904,0.6845129593810445,0.0,0.23805274199999998
2030-03-11 02:00:00,0.3974,0.6768823984526112,0.0,0.237943448
2030-03-11 03:00:00,0.3718,0.6762334622823984,0.0,0.237834154
2030-03-11 04:00:00,0.3422,0.6519088974854932,0.0,0.23772486
2030-03-11 05:00:00,0.3363999999999999,0.6209466150870406,0.0059,0.237615567
2030-03-11 06:00:00,0.3375,0.5818452611218569,0.1175,0.23750627300000002
2030-03-11 07:00:00,0.46799999999999997,0.5841257253384913,0.2882,0.23739697899999998
2030-03-11 08:00:00,0.4538,0.6137332688588009,0.4454,0.237287685
2030-03-11 09:00:00,0.39319999999999994,0.5877309477756286,0.5454,0.23717839100000002
2030-03-11 10:00:00,0.3253,0.5157419729206963,0.5959,0.237069097
2030-03-11 11:00:00,0.2847,0.445179497098646,0.594,0.236959803
2030-03-11 12:00:00,0.30689999999999995,0.4004885880077369,0.5507,0.236850509
2030-03-11 13:00:00,0.408,0.37579709864603483,0.4691,0.236741215
2030-03-11 14:00:00,0.5165,0.3534276595744681,0.3588,0.23663192100000002
2030-03-11 15:00:00,0.5459,0.2958506769825919,0.2109,0.23652262699999999
2030-03-11 16:00:00,0.4372,0.22559709864603486,0.052,0.236413333
2030-03-11 17:00:00,0.377,0.19170793036750483,0.0,0.236304039
2030-03-11 18:00:00,0.4034,0.20820348162475824,0.0,0.236194745
2030-03-11 19:00:00,0.4602,0.23275551257253382,0.0,0.236085451
2030-03-11 20:00:00,0.5666999999999999,0.26471063829787234,0.0,0.235976157
2030-03-11 21:00:00,0.6387,0.293272920696325,0.0,0.235866863
2030-03-11 22:00:00,0.5937,0.29647814313346227,0.0,0.23575756899999997
2030-03-11 23:00:00,0.596,0.27806634429400384,0.0,0.235648275
2030-03-12 00:00:00,0.645,0.2956535783365571,0.0,0.235538981
2030-03-12 01:00:00,0.6568,0.32777524177949713,0.0,0.23547894800000002
2030-03-12 02:00:00,0.69,0.36515377176015473,0.0,0.235418916
2030-03-12 03:00:00,0.7012,0.3907218568665377,0.0,0.23535888300000002
2030-03-12 04:00:00,0.6862,0.42653423597678913,0.0,0.235298851
2030-03-12 05:00:00,0.7373,0.4484166344294004,0.0129,0.23523881800000002
2030-03-12 06:00:00,0.7491,0.4227131528046422,0.1598,0.23517878600000003
2030-03-12 07:00:00,0.8672999999999998,0.46105570599613155,0.3401,0.235118753
2030-03-12 08:00:00,0.8862000000000001,0.605953578336557,0.4917,0.23505872100000003
2030-03-12 09:00:00,0.8915000000000001,0.6458274661508704,0.5958,0.234998688
2030-03-12 10:00:00,0.8896000000000001,0.650294003868472,0.6553,0.23493865600000002
2030-03-12 11:00:00,0.8861,0.6539495164410057,0.6674,0.234878623
2030-03-12 12:00:00,0.8822000000000001,0.654530174081238,0.6297,0.23481859100000002
2030-03-12 13:00:00,0.8683,0.6535655705996132,0.5449,0.23475855899999998
2030-03-12 14:00:00,0.8473,0.6435253384912959,0.4158,0.23469852600000002
2030-03-12 15:00:00,0.8018,0.608848742746615,0.2454,0.23463849399999998
2030-03-12 16:00:00,0.7095,0.5508678916827853,0.0638,0.23457846100000002
2030-03-12 17:00:00,0.6040999999999999,0.5014326885880077,0.0,0.23451842899999997
2030-03-12 18:00:00,0.5261999999999999,0.4590880077369439,0.0,0.234458396
2030-03-12 19:00:00,0.5134999999999998,0.4210744680851064,0.0,0.234398364
2030-03-12 20:00:00,0.5248,0.38719245647969047,0.0,0.234338331
2030-03-12 21:00:00,0.5542,0.35892069632495166,0.0,0.234278299
2030-03-12 22:00:00,0.5873,0.3354493230174081,0.0,0.234218266
2030-03-12 23:00:00,0.5701,0.3150429400386847,0.0,0.234158234
2030-03-13 00:00:00,0.5221000000000001,0.29227117988394585,0.0,0.234098201
2030-03-13 01:00:00,0.4549,0.28334777562862673,0.0,0.234200605
2030-03-13 02:00:00,0.45239999999999997,0.29692572533849126,0.0,0.23430300899999998
2030-03-13 03:00:00,0.44949999999999996,0.30749419729206967,0.0,0.23440541199999998
2030-03-13 04:00:00,0.5056,0.31027021276595745,0.0,0.234507816
2030-03-13 05:00:00,0.5814,0.2983526112185687,0.0143,0.23461022
2030-03-13 06:00:00,0.5480000000000002,0.25140986460348164,0.1672,0.234712623
2030-03-13 07:00:00,0.6335,0.2824593810444874,0.3498,0.23481502699999998
2030-03-13 08:00:00,0.6189,0.3183659574468085,0.5005,0.234917431
2030-03-13 09:00:00,0.5332000000000001,0.30237504835589946,0.6051,0.23501983399999998
2030-03-13 10:00:00,0.4619,0.2807992263056093,0.6631,0.235122238
2030-03-13 11:00:00,0.4144,0.26335203094777565,0.6749,0.23522464199999998
2030-03-13 12:00:00,0.3906,0.23050735009671178,0.6394,0.235327046
2030-03-13 13:00:00,0.3915,0.19287214700193425,0.5562,0.23542944899999999
2030-03-13 14:00:00,0.3973,0.156204835589942,0.4256,0.235531853
2030-03-13 15:00:00,0.3779,0.14569497098646036,0.2492,0.23563425699999999
2030-03-13 16:00:00,0.3286,0.1538249516441006,0.0634,0.23573666
2030-03-13 17:00:00,0.265,0.1862634429400387,0.0,0.235839064
2030-03-13 18:00:00,0.2271,0.21378317214700193,0.0,0.23594146800000002
2030-03-13 19:00:00,0.2421,0.23347330754352033,0.0,0.236043872
2030-03-13 20:00:00,0.2906,0.23614332688588008,0.0,0.236146275
2030-03-13 21:00:00,0.2861,0.21226441005802704,0.0,0.236248679
2030-03-13 22:00:00,0.2246,0.18527640232108317,0.0,0.23635108300000002
2030-03-13 23:00:00,0.158,0.16014854932301742,0.0,0.23645348600000002
2030-03-14 00:00:00,0.1157,0.13444874274661509,0.0,0.23655589
2030-03-14 01:00:00,0.1029,0.11573945841392651,0.0,0.236845202
2030-03-14 02:00:00,0.1006,0.10676015473887815,0.0,0.237134515
2030-03-14 03:00:00,0.0945,0.1117909090909091,0.0,0.237423827
2030-03-14 04:00:00,0.09140000000000001,0.12439439071566732,0.0,0.237713139
2030-03-14 05:00:00,0.0935,0.13527446808510638,0.0165,0.238002451
2030-03-14 06:00:00,0.1054,0.12008239845261122,0.1744,0.238291764
2030-03-14 07:00:00,0.19170000000000004,0.1347752417794971,0.3628,0.238581076
2030-03-14 08:00:00,0.2062,0.14538878143133463,0.511,0.23887038800000002
2030-03-14 09:00:00,0.17390000000000003,0.12306885880077369,0.6098,0.23915970000000003
2030-03-14 10:00:00,0.1378,0.09744526112185688,0.6671,0.23944901300000002
2030-03-14 11:00:00,0.1119,0.07761992263056093,0.6757,0.239738325
2030-03-14 12:00:00,0.1006,0.0638056092843327,0.6387,0.240027637
2030-03-14 13:00:00,0.0993,0.057959961315280466,0.554,0.24031694899999997
2030-03-14 14:00:00,0.1003,0.05704061895551257,0.4236,0.240606262
2030-03-14 15:00:00,0.1067,0.05977640232108317,0.2506,0.24089557399999997
2030-03-14 16:00:00,0.12399999999999999,0.0719377176015474,0.0686,0.24118488600000001
2030-03-14 17:00:00,0.1328,0.09251102514506769,0.0001,0.241474198
2030-03-14 18:00:00,0.101,0.10125570599613154,0.0,0.24176351100000001
2030-03-14 19:00:00,0.0651,0.10504912959381045,0.0,0.242052823
2030-03-14 20:00:00,0.0504,0.11013017408123792,0.0,0.242342135
2030-03-14 21:00:00,0.0563,0.11189187620889748,0.0,0.242631447
2030-03-14 22:00:00,0.0679,0.11720831721470018,0.0,0.24292076
2030-03-14 23:00:00,0.0791,0.1235806576402321,0.0,0.243210072
2030-03-15 00:00:00,0.0902,0.1350247582205029,0.0,0.24349938399999999
2030-03-15 01:00:00,0.0995,0.14573810444874274,0.0,0.24395723100000002
2030-03-15 02:00:00,0.1052,0.15325976789168277,0.0,0.244415078
2030-03-15 03:00:00,0.0978,0.14997949709864605,0.0,0.244872924
2030-03-15 04:00:00,0.0826,0.14306382978723403,0.0,0.245330771
2030-03-15 05:00:00,0.0708,0.1319411992263056,0.0205,0.24578861800000001
2030-03-15 06:00:00,0.0483,0.10123442940038685,0.1807,0.246246465
2030-03-15 07:00:00,0.0488,0.07662475822050291,0.3604,0.246704311
2030-03-15 08:00:00,0.0561,0.07251798839458415,0.5129,0.24716215800000002
2030-03-15 09:00:00,0.04710000000000001,0.07511798839458414,0.6158,0.247620005
2030-03-15 10:00:00,0.0529,0.07897214700193424,0.6719,0.248077852
2030-03-15 11:00:00,0.0645,0.08327949709864606,0.6808,0.248535698
2030-03-15 12:00:00,0.0808,0.09129709864603482,0.6425,0.248993545
2030-03-15 13:00:00,0.10230000000000002,0.10243152804642165,0.558,0.249451392
2030-03-15 14:00:00,0.1136,0.10568375241779498,0.4275,0.249909238
2030-03-15 15:00:00,0.0904,0.10732417794970987,0.2501,0.250367085
2030-03-15 16:00:00,0.06230000000000001,0.12670812379110252,0.0681,0.250824932
2030-03-15 17:00:00,0.041199999999999994,0.13609748549323017,0.0001,0.251282779
2030-03-15 18:00:00,0.0236,0.12292630560928434,0.0,0.251740625
2030-03-15 19:00:00,0.0161,0.10574738878143133,0.0,0.252198472
2030-03-15 20:00:00,0.0177,0.09763636363636365,0.0,0.25265631899999996
2030-03-15 21:00:00,0.0221,0.09519110251450678,0.0,0.25311416600000003
2030-03-15 22:00:00,0.0252,0.0914715667311412,0.0,0.253572012
2030-03-15 23:00:00,0.0251,0.08982282398452611,0.0,0.25402985899999997
2030-03-16 00:00:00,0.024800000000000003,0.09520251450676982,0.0,0.25448770600000004
2030-03-16 01:00:00,0.0252,0.10955551257253383,0.0,0.25510577100000004
2030-03-16 02:00:00,0.024999999999999998,0.13722417794970987,0.0,0.255723837
2030-03-16 03:00:00,0.0215,0.16107698259187622,0.0,0.256341902
2030-03-16 04:00:00,0.018,0.16834526112185685,0.0,0.256959967
2030-03-16 05:00:00,0.0174,0.1585744680851064,0.0221,0.257578033
2030-03-16 06:00:00,0.0148,0.11593114119922632,0.1693,0.258196098
2030-03-16 07:00:00,0.0045,0.05449535783365571,0.3438,0.258814163
2030-03-16 08:00:00,0.0016,0.020470986460348162,0.4928,0.25943222899999996
2030-03-16 09:00:00,0.0073,0.008495551257253386,0.5951,0.26005029399999996
2030-03-16 10:00:00,0.0128,0.004261315280464217,0.654,0.26066836
2030-03-16 11:00:00,0.0193,0.007736557059961316,0.665,0.261286425
2030-03-16 12:00:00,0.026000000000000002,0.015182978723404256,0.6263,0.26190449
2030-03-16 13:00:00,0.029399999999999996,0.022664796905222436,0.5419,0.262522556
2030-03-16 14:00:00,0.030399999999999996,0.03371489361702128,0.4124,0.263140621
2030-03-16 15:00:00,0.0378,0.05465667311411993,0.2437,0.263758686
2030-03-16 16:00:00,0.0453,0.06786479690522244,0.0656,0.264376752
2030-03-16 17:00:00,0.0723,0.0658090909090909,0.0001,0.264994817
2030-03-16 18:00:00,0.1052,0.05520967117988396,0.0,0.265612883
2030-03-16 19:00:00,0.1846,0.048026112185686656,0.0,0.266230948
2030-03-16 20:00:00,0.18500000000000003,0.0489852998065764,0.0,0.266849013
2030-03-16 21:00:00,0.1788,0.058423597678916826,0.0,0.267467079
2030-03-16 22:00:00,0.19060000000000002,0.07063771760154738,0.0,0.268085144
2030-03-16 23:00:00,0.2081,0.08766112185686653,0.0,0.26870321
2030-03-17 00:00:00,0.212,0.09564139264990328,0.0,0.269321275
2030-03-17 01:00:00,0.2198,0.0959357833655706,0.0,0.270037467
2030-03-17 02:00:00,0.213,0.09292263056092843,0.0,0.27075366
2030-03-17 03:00:00,0.1965,0.09028607350096711,0.0,0.271469852
2030-03-17 04:00:00,0.1852,0.08631237911025146,0.0,0.27218604399999996
2030-03-17 05:00:00,0.16819999999999996,0.07642475822050289,0.021,0.272902237
2030-03-17 06:00:00,0.11990000000000002,0.05960425531914893,0.153,0.273618429
2030-03-17 07:00:00,0.0974,0.04335396518375242,0.3203,0.274334621
2030-03-17 08:00:00,0.08750000000000001,0.04261353965183752,0.472,0.275050814
2030-03-17 09:00:00,0.08700000000000001,0.04380328820116055,0.5708,0.27576700600000004
2030-03-17 10:00:00,0.0974,0.049034622823984526,0.623,0.276483199
2030-03-17 11:00:00,0.1094,0.05600889748549323,0.6266,0.277199391
2030-03-17 12:00:00,0.1164,0.06122862669245649,0.5761,0.277915583
2030-03-17 13:00:00,0.1115,0.062276015473887815,0.4871,0.278631776
2030-03-17 14:00:00,0.10450000000000001,0.0636083172147002,0.369,0.279347968
2030-03-17 15:00:00,0.10219999999999999,0.0716431334622824,0.2156,0.28006416
2030-03-17 16:00:00,0.1166,0.09353945841392651,0.0586,0.280780353
2030-03-17 17:00:00,0.13440000000000002,0.10842398452611218,0.0,0.281496545
2030-03-17 18:00:00,0.1453,0.11148085106382978,0.0,0.282212737
2030-03-17 19:00:00,0.1785,0.10757156673114121,0.0,0.28292893
2030-03-17 20:00:00,0.22179999999999997,0.10145647969052224,0.0,0.28364512199999997
2030-03-17 21:00:00,0.27109999999999995,0.0965119922630561,0.0,0.284361314
2030-03-17 22:00:00,0.3125,0.09223694390715667,0.0,0.285077507
2030-03-17 23:00:00,0.3329,0.08832147001934235,0.0,0.285793699
2030-03-18 00:00:00,0.3419,0.07978278529980656,0.0,0.286509892
2030-03-18 01:00:00,0.3404,0.07171702127659574,0.0,0.287254833
2030-03-18 02:00:00,0.34959999999999997,0.06781160541586073,0.0,0.287999774
2030-03-18 03:00:00,0.3466,0.05615705996131529,0.0,0.288744716
2030-03-18 04:00:00,0.3390000000000001,0.04307620889748549,0.0,0.289489657
2030-03-18 05:00:00,0.3199,0.03908278529980658,0.0204,0.290234599
2030-03-18 06:00:00,0.2371,0.036470406189555125,0.1272,0.29097954
2030-03-18 07:00:00,0.2021,0.05305125725338491,0.2667,0.291724482
2030-03-18 08:00:00,0.2165,0.08452069632495164,0.4015,0.292469423
2030-03-18 09:00:00,0.20900000000000002,0.10696905222437138,0.5052,0.293214364
2030-03-18 10:00:00,0.20329999999999998,0.1162539651837524,0.5664,0.29395930600000003
2030-03-18 11:00:00,0.205,0.11879922630560927,0.5762,0.294704247
2030-03-18 12:00:00,0.217,0.12340967117988395,0.5282,0.295449189
2030-03-18 13:00:00,0.2404,0.1298549323017408,0.4365,0.29619413
2030-03-18 14:00:00,0.26089999999999997,0.14058491295938105,0.3227,0.29693907199999997
2030-03-18 15:00:00,0.2399,0.14349980657640232,0.181,0.297684013
2030-03-18 16:00:00,0.23860000000000003,0.15188491295938103,0.047,0.29842895399999997
2030-03-18 17:00:00,0.25719999999999993,0.16513771760154738,0.0,0.299173896
2030-03-18 18:00:00,0.273,0.1700038684719536,0.0,0.299918837
2030-03-18 19:00:00,0.2931,0.16813675048355897,0.0,0.30066377899999996
2030-03-18 20:00:00,0.315,0.14228471953578337,0.0,0.30140872
2030-03-18 21:00:00,0.3457,0.1298456479690522,0.0,0.302153662
2030-03-18 22:00:00,0.37460000000000004,0.1279129593810445,0.0,0.302898603
2030-03-18 23:00:00,0.3999,0.13291218568665378,0.0,0.303643544
2030-03-19 00:00:00,0.4173,0.14397079303675045,0.0,0.304388486
2030-03-19 01:00:00,0.4257,0.15480212765957446,0.0,0.305090739
2030-03-19 02:00:00,0.4249,0.1570294003868472,0.0,0.305792993
2030-03-19 03:00:00,0.4045,0.13276905222437135,0.0,0.306495246
2030-03-19 04:00:00,0.3904,0.11100386847195358,0.0,0.3071975
2030-03-19 05:00:00,0.3665999999999999,0.09906847195357835,0.0151,0.307899753
2030-03-19 06:00:00,0.2952000000000001,0.08390541586073501,0.1163,0.30860200600000004
2030-03-19 07:00:00,0.27259999999999995,0.09591121856866537,0.2589,0.30930426
2030-03-19 08:00:00,0.3367,0.10808510638297872,0.3892,0.310006513
2030-03-19 09:00:00,0.3438,0.11064081237911025,0.4881,0.310708767
2030-03-19 10:00:00,0.31370000000000003,0.11201218568665376,0.5466,0.31141102
2030-03-19 11:00:00,0.2574,0.110405415860735,0.5533,0.312113274
2030-03-19 12:00:00,0.197,0.10546479690522245,0.526,0.312815527
2030-03-19 13:00:00,0.1429,0.09667543520309478,0.4565,0.31351778
2030-03-19 14:00:00,0.0965,0.08884410058027079,0.3541,0.314220034
2030-03-19 15:00:00,0.06539999999999999,0.08160406189555126,0.2191,0.31492228699999997
2030-03-19 16:00:00,0.0568,0.08179206963249516,0.067,0.31562454100000004
2030-03-19 17:00:00,0.0536,0.078357833655706,0.0002,0.31632679399999997
2030-03-19 18:00:00,0.0472,0.07334274661508705,0.0,0.317029047
2030-03-19 19:00:00,0.035800000000000005,0.07523849129593811,0.0,0.317731301
2030-03-19 20:00:00,0.0245,0.07985647969052224,0.0,0.318433554
2030-03-19 21:00:00,0.016800000000000002,0.07733230174081238,0.0,0.319135808
2030-03-19 22:00:00,0.0154,0.07195899419729207,0.0,0.319838061
2030-03-19 23:00:00,0.0171,0.06844371373307542,0.0,0.320540315
2030-03-20 00:00:00,0.020500000000000004,0.06392030947775629,0.0,0.321242568
2030-03-20 01:00:00,0.024,0.05985280464216634,0.0,0.32235903
2030-03-20 02:00:00,0.0264,0.062206189555125725,0.0,0.323475492
2030-03-20 03:00:00,0.0269,0.0608384912959381,0.0,0.324591953
2030-03-20 04:00:00,0.0301,0.0559926499032882,0.0,0.325708415
2030-03-20 05:00:00,0.0402,0.05730541586073501,0.0184,0.326824877
2030-03-20 06:00:00,0.0409,0.0584816247582205,0.1354,0.327941339
2030-03-20 07:00:00,0.042,0.056408317214700195,0.2878,0.3290578
2030-03-20 08:00:00,0.0465,0.0511183752417795,0.427,0.330174262
2030-03-20 09:00:00,0.042100000000000005,0.046062282398452614,0.5314,0.331290724
2030-03-20 10:00:00,0.0396,0.04357253384912959,0.5891,0.332407186
2030-03-20 11:00:00,0.0434,0.04280212765957447,0.5932,0.333523647
2030-03-20 12:00:00,0.0473,0.04256673114119922,0.55,0.33464010899999996
2030-03-20 13:00:00,0.049,0.042682785299806576,0.4679,0.335756571
2030-03-20 14:00:00,0.0514,0.04623500967117988,0.3487,0.336873033
2030-03-20 15:00:00,0.06539999999999999,0.052729593810444876,0.1987,0.337989494
2030-03-20 16:00:00,0.09829999999999998,0.05864642166344294,0.0515,0.33910595600000004
2030-03-20 17:00:00,0.1158,0.05845299806576402,0.0002,0.34022241799999997
2030-03-20 18:00:00,0.108,0.05599497098646035,0.0,0.34133888
2030-03-20 19:00:00,0.0816,0.052465377176015474,0.0,0.34245534200000005
2030-03-20 20:00:00,0.0544,0.04620290135396518,0.0,0.34357180299999995
2030-03-20 21:00:00,0.031099999999999992,0.045663442940038684,0.0,0.344688265
2030-03-20 22:00:00,0.0199,0.05411489361702128,0.0,0.34580472700000003
2030-03-20 23:00:00,0.0195,0.07264158607350098,0.0,0.34692118899999996
2030-03-21 00:00:00,0.0209,0.09956905222437137,0.0,0.34803765
2030-03-21 01:00:00,0.021600000000000005,0.13186479690522243,0.0,0.349152924
2030-03-21 02:00:00,0.0238,0.16978646034816247,0.0,0.350268198
2030-03-21 03:00:00,0.0245,0.19239419729206964,0.0,0.35138347200000003
2030-03-21 04:00:00,0.024,0.18449883945841394,0.0,0.352498745
2030-03-21 05:00:00,0.0239,0.15324274661508705,0.0196,0.353614019
2030-03-21 06:00:00,0.0178,0.11036769825918762,0.1355,0.35472929299999995
2030-03-21 07:00:00,0.0165,0.08820212765957447,0.2886,0.35584456700000006
2030-03-21 08:00:00,0.0255,0.08267350096711798,0.4268,0.356959841
2030-03-21 09:00:00,0.0315,0.08333597678916826,0.533,0.35807511399999997
2030-03-21 10:00:00,0.0315,0.09191121856866537,0.5985,0.35919038799999997
2030-03-21 11:00:00,0.0295,0.0972955512572534,0.6138,0.360305662
2030-03-21 12:00:00,0.0266,0.09787659574468086,0.5759,0.361420936
2030-03-21 13:00:00,0.0231,0.0969193423597679,0.4938,0.36253621
2030-03-21 14:00:00,0.0218,0.09958510638297872,0.3716,0.363651483
2030-03-21 15:00:00,0.0354,0.0975176015473888,0.2217,0.36476675700000005
2030-03-21 16:00:00,0.0634,0.09647562862669246,0.0674,0.365882031
2030-03-21 17:00:00,0.06850000000000002,0.10560967117988394,0.0005,0.366997305
2030-03-21 18:00:00,0.0565,0.11098491295938105,0.0,0.368112579
2030-03-21 19:00:00,0.0462,0.11695357833655705,0.0,0.369227852
2030-03-21 20:00:00,0.03,0.12235764023210831,0.0,0.370343126
2030-03-21 21:00:00,0.0166,0.12284158607350096,0.0,0.3714584
2030-03-21 22:00:00,0.0122,0.11977659574468084,0.0,0.37257367399999997
2030-03-21 23:00:00,0.0133,0.13058471953578335,0.0,0.37368894700000005
2030-03-22 00:00:00,0.0172,0.15601121856866537,0.0,0.374804221
2030-03-22 01:00:00,0.020599999999999997,0.17265880077369436,0.0,0.37568475100000004
2030-03-22 02:00:00,0.0228,0.17438143133462286,0.0,0.37656528
2030-03-22 03:00:00,0.018099999999999998,0.16895473887814313,0.0,0.37744580899999997
2030-03-22 04:00:00,0.0144,0.17078104448742745,0.0,0.378326339
2030-03-22 05:00:00,0.014500000000000002,0.17486247582205028,0.0179,0.379206868
2030-03-22 06:00:00,0.013000000000000001,0.13973771760154738,0.1342,0.38008739700000005
2030-03-22 07:00:00,0.0136,0.10671005802707931,0.3009,0.380967926
2030-03-22 08:00:00,0.0177,0.09803771760154739,0.44,0.381848456
2030-03-22 09:00:00,0.0113,0.09691141199226305,0.5288,0.382728985
2030-03-22 10:00:00,0.009300000000000001,0.10331876208897486,0.5809,0.383609514
2030-03-22 11:00:00,0.0107,0.11464951644100581,0.5934,0.384490044
2030-03-22 12:00:00,0.014899999999999998,0.1192597678916828,0.5594,0.385370573
2030-03-22 13:00:00,0.0183,0.11061624758220504,0.4781,0.386251102
2030-03-22 14:00:00,0.0244,0.0934551257253385,0.3567,0.387131632
2030-03-22 15:00:00,0.0292,0.06853036750483558,0.2066,0.388012161
2030-03-22 16:00:00,0.0277,0.05043655705996132,0.0644,0.38889269
2030-03-22 17:00:00,0.0164,0.04901953578336557,0.0007,0.38977322
2030-03-22 18:00:00,0.0137,0.06275783365570599,0.0,0.390653749
2030-03-22 19:00:00,0.0247,0.07977543520309477,0.0,0.39153427799999996
2030-03-22 20:00:00,0.0436,0.09745299806576402,0.0,0.39241480799999995
2030-03-22 21:00:00,0.0575,0.12135957446808511,0.0,0.393295337
2030-03-22 22:00:00,0.06759999999999998,0.12025029013539651,0.0,0.39417586600000004
2030-03-22 23:00:00,0.069,0.11509787234042555,0.0,0.39505639600000003
2030-03-23 00:00:00,0.0684,0.11539032882011604,0.0,0.395936925
2030-03-23 01:00:00,0.0663,0.101963249516441,0.0,0.396893406
2030-03-23 02:00:00,0.0627,0.09632050290135397,0.0,0.39784988600000004
2030-03-23 03:00:00,0.0613,0.09631025145067698,0.0,0.39880636700000005
2030-03-23 04:00:00,0.06649999999999999,0.09433094777562863,0.0,0.39976284799999995
2030-03-23 05:00:00,0.0771,0.09252456479690523,0.0165,0.40071932899999996
2030-03-23 06:00:00,0.0839,0.07793965183752419,0.1243,0.401675809
2030-03-23 07:00:00,0.071,0.04631721470019343,0.2723,0.40263229
2030-03-23 08:00:00,0.0659,0.027311411992263057,0.3975,0.403588771
2030-03-23 09:00:00,0.0712,0.02698297872340425,0.4859,0.404545252
2030-03-23 10:00:00,0.0668,0.026989555125725342,0.5372,0.405501732
2030-03-23 11:00:00,0.0593,0.027666924564796903,0.5416,0.40645821299999996
2030-03-23 12:00:00,0.0521,0.027521663442940037,0.4973,0.40741469399999997
2030-03-23 13:00:00,0.0481,0.023514700193423596,0.408,0.408371174
2030-03-23 14:00:00,0.0454,0.0167110251450677,0.2924,0.409327655
2030-03-23 15:00:00,0.0422,0.013727079303675047,0.1646,0.410284136
2030-03-23 16:00:00,0.035,0.01234274661508704,0.0471,0.41124061700000003
2030-03-23 17:00:00,0.030999999999999996,0.014223984526112185,0.0004,0.412197097
2030-03-23 18:00:00,0.0305,0.02384294003868472,0.0,0.41315357799999997
2030-03-23 19:00:00,0.0357,0.03293462282398452,0.0,0.414110059
2030-03-23 20:00:00,0.0422,0.0341164410058027,0.0,0.415066539
2030-03-23 21:00:00,0.054,0.02988394584139265,0.0,0.41602302
2030-03-23 22:00:00,0.0669,0.028780657640232105,0.0,0.41697950100000003
2030-03-23 23:00:00,0.07550000000000001,0.029545841392649902,0.0,0.41793598200000004
2030-03-24 00:00:00,0.0809,0.03224042553191489,0.0,0.418892462
2030-03-24 01:00:00,0.0854,0.03116595744680851,0.0,0.420101111
2030-03-24 02:00:00,0.0873,0.02856847195357834,0.0,0.42130976
2030-03-24 03:00:00,0.0811,0.024370212765957446,0.0,0.422518409
2030-03-24 04:00:00,0.0689,0.020296711798839455,0.0,0.423727058
2030-03-24 05:00:00,0.0568,0.02153307543520309,0.018,0.42493570700000005
2030-03-24 06:00:00,0.0407,0.02246441005802708,0.1234,0.426144355
2030-03-24 07:00:00,0.022399999999999996,0.032225918762088974,0.261,0.427353004
2030-03-24 08:00:00,0.0107,0.03214255319148936,0.3865,0.428561653
2030-03-24 09:00:00,0.006500000000000001,0.03621199226305609,0.4763,0.42977030200000005
2030-03-24 10:00:00,0.0041,0.046136170212765955,0.5197,0.430978951
2030-03-24 11:00:00,0.006,0.061057833655705995,0.5176,0.4321876
2030-03-24 12:00:00,0.0126,0.07420502901353965,0.4789,0.433396249
2030-03-24 13:00:00,0.0209,0.07743133462282399,0.4128,0.43460489799999996
2030-03-24 14:00:00,0.0337,0.0679137330754352,0.3129,0.435813546
2030-03-24 15:00:00,0.0651,0.0546825918762089,0.1848,0.437022195
2030-03-24 16:00:00,0.0899,0.03941779497098646,0.0599,0.438230844
2030-03-24 17:00:00,0.0714,0.031611798839458416,0.001,0.43943949299999996
2030-03-24 18:00:00,0.0394,0.03260599613152805,0.0,0.440648142
2030-03-24 19:00:00,0.031099999999999992,0.04323791102514507,0.0,0.441856791
2030-03-24 20:00:00,0.0236,0.04940696324951644,0.0,0.44306544
2030-03-24 21:00:00,0.0094,0.04185764023210831,0.0,0.44427408799999996
2030-03-24 22:00:00,0.0031000000000000003,0.03445609284332688,0.0,0.445482737
2030-03-24 23:00:00,0.0033,0.03970522243713733,0.0,0.446691386
2030-03-25 00:00:00,0.0037,0.05977137330754352,0.0,0.447900035
2030-03-25 01:00:00,0.0052,0.07710793036750484,0.0,0.44949469700000005
2030-03-25 02:00:00,0.0064,0.08527949709864603,0.0,0.45108936
2030-03-25 03:00:00,0.0094,0.1017506769825919,0.0,0.452684023
2030-03-25 04:00:00,0.0137,0.12574893617021277,0.0,0.454278685
2030-03-25 05:00:00,0.017,0.1408613152804642,0.0199,0.45587334799999996
2030-03-25 06:00:00,0.018099999999999998,0.1303212765957447,0.1323,0.45746801
2030-03-25 07:00:00,0.0207,0.10900851063829789,0.2743,0.459062673
2030-03-25 08:00:00,0.0299,0.10097446808510639,0.3933,0.460657335
2030-03-25 09:00:00,0.0317,0.09950019342359769,0.4791,0.462251998
2030-03-25 10:00:00,0.0283,0.10234158607350095,0.5134,0.46384666
2030-03-25 11:00:00,0.0229,0.09857833655705996,0.5002,0.46544132299999996
2030-03-25 12:00:00,0.0171,0.08984042553191489,0.4468,0.467035985
2030-03-25 13:00:00,0.012499999999999999,0.08248607350096711,0.3522,0.468630648
2030-03-25 14:00:00,0.010299999999999998,0.08208278529980657,0.2502,0.47022531
2030-03-25 15:00:00,0.0105,0.08273636363636364,0.1495,0.47181997299999995
2030-03-25 16:00:00,0.0178,0.08110116054158607,0.0497,0.473414635
2030-03-25 17:00:00,0.0241,0.08674661508704062,0.0006,0.47500929799999997
2030-03-25 18:00:00,0.027,0.09497543520309477,0.0,0.47660396
2030-03-25 19:00:00,0.0286,0.10661063829787235,0.0,0.478198623
2030-03-25 20:00:00,0.0321,0.1226181818181818,0.0,0.479793285
2030-03-25 21:00:00,0.04009999999999999,0.1451181818181818,0.0,0.48138794799999995
2030-03-25 22:00:00,0.0543,0.17938955512572533,0.0,0.482982611
2030-03-25 23:00:00,0.0709,0.2142758220502901,0.0,0.484577273
2030-03-26 00:00:00,0.0862,0.24287098646034816,0.0,0.486171936
2030-03-26 01:00:00,0.10730000000000002,0.269557253384913,0.0,0.487564404
2030-03-26 02:00:00,0.1367,0.2974754352030948,0.0,0.48895687299999996
2030-03-26 03:00:00,0.14770000000000003,0.3013967117988395,0.0,0.490349342
2030-03-26 04:00:00,0.1547,0.29649071566731144,0.0,0.49174181
2030-03-26 05:00:00,0.1633,0.2720220502901354,0.0334,0.493134279
2030-03-26 06:00:00,0.1066,0.18347137330754354,0.1846,0.49452674799999996
2030-03-26 07:00:00,0.1613,0.15423268858800773,0.3576,0.495919216
2030-03-26 08:00:00,0.2714,0.15336711798839459,0.5008,0.497311685
2030-03-26 09:00:00,0.3014,0.14677156673114117,0.6022,0.498704154
2030-03-26 10:00:00,0.3,0.1337605415860735,0.6556,0.500096622
2030-03-26 11:00:00,0.30739999999999995,0.12116054158607352,0.6643,0.501489091
2030-03-26 12:00:00,0.33249999999999996,0.1144284332688588,0.6275,0.50288156
2030-03-26 13:00:00,0.3748,0.11015106382978723,0.5497,0.504274028
2030-03-26 14:00:00,0.40729999999999994,0.10365183752417795,0.429,0.505666497
2030-03-26 15:00:00,0.3809,0.09458065764023209,0.2678,0.507058966
2030-03-26 16:00:00,0.3232,0.08273094777562863,0.0957,0.508451434
2030-03-26 17:00:00,0.2656,0.09345764023210831,0.0022,0.5098439029999999
2030-03-26 18:00:00,0.2394,0.10360328820116056,0.0,0.511236372
2030-03-26 19:00:00,0.2401,0.10833268858800774,0.0,0.51262884
2030-03-26 20:00:00,0.253,0.11505377176015474,0.0,0.514021309
2030-03-26 21:00:00,0.2735,0.12877969052224372,0.0,0.515413778
2030-03-26 22:00:00,0.24630000000000002,0.13499883945841393,0.0,0.516806246
2030-03-26 23:00:00,0.2132,0.13158510638297874,0.0,0.518198715
2030-03-27 00:00:00,0.1745,0.12264564796905222,0.0,0.519591183
2030-03-27 01:00:00,0.1362,0.11737001934235977,0.0,0.520361706
2030-03-27 02:00:00,0.12360000000000002,0.12494352030947777,0.0,0.521132229
2030-03-27 03:00:00,0.12250000000000001,0.13880599613152805,0.0,0.521902751
2030-03-27 04:00:00,0.1309,0.14897872340425533,0.0,0.522673274
2030-03-27 05:00:00,0.1339,0.14311702127659576,0.0471,0.523443796
2030-03-27 06:00:00,0.1214,0.11596653771760154,0.2087,0.524214319
2030-03-27 07:00:00,0.1947,0.09427214700193423,0.3834,0.524984841
2030-03-27 08:00:00,0.2114,0.07493617021276595,0.5251,0.525755364
2030-03-27 09:00:00,0.206,0.07366286266924564,0.6226,0.526525887
2030-03-27 10:00:00,0.2009,0.07814661508704063,0.678,0.527296409
2030-03-27 11:00:00,0.2023,0.08886073500967118,0.6887,0.528066932
2030-03-27 12:00:00,0.2107,0.10261392649903289,0.6553,0.528837454
2030-03-27 13:00:00,0.21910000000000002,0.11443268858800773,0.5752,0.5296079770000001
2030-03-27 14:00:00,0.2141,0.12149845261121857,0.4498,0.530378499
2030-03-27 15:00:00,0.1809,0.1224926499032882,0.2787,0.531149022
2030-03-27 16:00:00,0.1437,0.12157040618955514,0.1,0.531919544
2030-03-27 17:00:00,0.11930000000000002,0.12106711798839459,0.0026,0.532690067
2030-03-27 18:00:00,0.0904,0.11390793036750484,0.0,0.53346059
2030-03-27 19:00:00,0.0757,0.1141100580270793,0.0,0.5342311120000001
2030-03-27 20:00:00,0.07940000000000001,0.1297965183752418,0.0,0.535001635
2030-03-27 21:00:00,0.10549999999999998,0.16050541586073502,0.0,0.535772157
2030-03-27 22:00:00,0.1473,0.19658820116054163,0.0,0.53654268
2030-03-27 23:00:00,0.1909,0.2405338491295938,0.0,0.537313202
2030-03-28 00:00:00,0.2243,0.27050444874274665,0.0,0.538083725
2030-03-28 01:00:00,0.2536,0.27839013539651836,0.0,0.538606198
2030-03-28 02:00:00,0.28130000000000005,0.2778294003868472,0.0,0.53912867
2030-03-28 03:00:00,0.28130000000000005,0.2582007736943907,0.0,0.5396511429999999
2030-03-28 04:00:00,0.2617,0.22703210831721468,0.0,0.540173616
2030-03-28 05:00:00,0.2598,0.19283094777562865,0.0495,0.540696089
2030-03-28 06:00:00,0.1667,0.1406255319148936,0.2101,0.541218561
2030-03-28 07:00:00,0.2804,0.1127174081237911,0.3852,0.541741034
2030-03-28 08:00:00,0.3986,0.10353810444874274,0.5268,0.542263507
2030-03-28 09:00:00,0.362,0.09449342359767893,0.6301,0.54278598
2030-03-28 10:00:00,0.32009999999999994,0.08586673114119923,0.6843,0.543308452
2030-03-28 11:00:00,0.2837,0.08191818181818182,0.693,0.543830925
2030-03-28 12:00:00,0.2581,0.08261856866537719,0.656,0.5443533979999999
2030-03-28 13:00:00,0.24649999999999997,0.08316092843326886,0.5756,0.544875871
2030-03-28 14:00:00,0.23090000000000002,0.08214158607350096,0.4517,0.545398343
2030-03-28 15:00:00,0.2072,0.073921083172147,0.2887,0.545920816
2030-03-28 16:00:00,0.178,0.06383558994197291,0.109,0.5464432889999999
2030-03-28 17:00:00,0.13409999999999997,0.06494429400386847,0.0033,0.546965762
2030-03-28 18:00:00,0.0876,0.075021083172147,0.0,0.547488234
2030-03-28 19:00:00,0.06,0.10209767891682785,0.0,0.548010707
2030-03-28 20:00:00,0.052000000000000005,0.14289961315280464,0.0,0.54853318
2030-03-28 21:00:00,0.0613,0.18102321083172146,0.0,0.5490556520000001
2030-03-28 22:00:00,0.0756,0.20431895551257254,0.0,0.549578125
2030-03-28 23:00:00,0.0848,0.2258762088974855,0.0,0.550100598
2030-03-29 00:00:00,0.0901,0.245236170212766,0.0,0.550623071
2030-03-29 01:00:00,0.0934,0.2473541586073501,0.0,0.551359221
2030-03-29 02:00:00,0.0938,0.23071702127659574,0.0,0.552095372
2030-03-29 03:00:00,0.0837,0.20822147001934235,0.0,0.5528315220000001
2030-03-29 04:00:00,0.06819999999999998,0.19270502901353967,0.0,0.553567672
2030-03-29 05:00:00,0.05879999999999999,0.17871837524177947,0.0516,0.5543038229999999
2030-03-29 06:00:00,0.035199999999999995,0.13286015473887813,0.2105,0.555039973
2030-03-29 07:00:00,0.021,0.07447040618955512,0.3872,0.555776123
2030-03-29 08:00:00,0.021299999999999996,0.05039477756286267,0.5281,0.556512274
2030-03-29 09:00:00,0.0167,0.044952417794970986,0.6281,0.557248424
2030-03-29 10:00:00,0.02,0.0470825918762089,0.681,0.557984575
2030-03-29 11:00:00,0.0329,0.05234119922630561,0.6887,0.558720725
2030-03-29 12:00:00,0.06140000000000001,0.06344545454545454,0.6542,0.559456875
2030-03-29 13:00:00,0.0964,0.08589148936170213,0.5744,0.560193026
2030-03-29 14:00:00,0.1393,0.12768704061895553,0.4512,0.560929176
2030-03-29 15:00:00,0.1929,0.16075918762088975,0.2891,0.561665327
2030-03-29 16:00:00,0.23179999999999998,0.17727253384912958,0.1117,0.562401477
2030-03-29 17:00:00,0.2703999999999999,0.21049110251450673,0.0043,0.563137627
2030-03-29 18:00:00,0.29100000000000004,0.23163733075435203,0.0,0.5638737779999999
2030-03-29 19:00:00,0.30640000000000006,0.242152998065764,0.0,0.564609928
2030-03-29 20:00:00,0.3214,0.2404255319148936,0.0,0.565346079
2030-03-29 21:00:00,0.3388,0.22366866537717597,0.0,0.5660822289999999
2030-03-29 22:00:00,0.346,0.2193237911025145,0.0,0.566818379
2030-03-29 23:00:00,0.3456000000000001,0.22150154738878142,0.0,0.56755453
2030-03-30 00:00:00,0.3505,0.21955280464216634,0.0,0.56829068
2030-03-30 01:00:00,0.3404,0.21466905222437135,0.0,0.569209225
2030-03-30 02:00:00,0.34780000000000005,0.2108870406189555,0.0,0.570127769
2030-03-30 03:00:00,0.3358,0.20299090909090908,0.0,0.5710463139999999
2030-03-30 04:00:00,0.33460000000000006,0.20136847195357832,0.0,0.5719648589999999
2030-03-30 05:00:00,0.30689999999999995,0.1885487427466151,0.0488,0.572883403
2030-03-30 06:00:00,0.2988,0.15861315280464217,0.2078,0.573801948
2030-03-30 07:00:00,0.33329999999999993,0.1395448742746615,0.3867,0.5747204929999999
2030-03-30 08:00:00,0.3458,0.13597021276595744,0.5299,0.5756390370000001
2030-03-30 09:00:00,0.3394,0.11108762088974855,0.6279,0.5765575820000001
2030-03-30 10:00:00,0.32669999999999993,0.0847870406189555,0.6786,0.577476126
2030-03-30 11:00:00,0.3038,0.06872263056092844,0.6838,0.578394671
2030-03-30 12:00:00,0.2804,0.061233849129593815,0.6449,0.579313216
2030-03-30 13:00:00,0.2535,0.05789090909090909,0.5617,0.58023176
2030-03-30 14:00:00,0.2123,0.05312243713733075,0.438,0.581150305
2030-03-30 15:00:00,0.19690000000000002,0.06152301740812379,0.2764,0.58206885
2030-03-30 16:00:00,0.2252,0.0874357833655706,0.1045,0.582987394
2030-03-30 17:00:00,0.2634,0.12114777562862669,0.0054,0.583905939
2030-03-30 18:00:00,0.2508,0.14720406189555124,0.0,0.584824483
2030-03-30 19:00:00,0.22020000000000003,0.17745764023210833,0.0,0.585743028
2030-03-30 20:00:00,0.20659999999999998,0.20489477756286267,0.0,0.586661573
2030-03-30 21:00:00,0.2027,0.20863442940038684,0.0,0.587580117
2030-03-30 22:00:00,0.1941,0.18585725338491293,0.0,0.588498662
2030-03-30 23:00:00,0.1764,0.1661174081237911,0.0,0.589417206
2030-03-31 00:00:00,0.1574,0.15422669245647969,0.0,0.590335751
2030-03-31 01:00:00,0.1447,0.14557466150870407,0.0,0.590672978
2030-03-31 02:00:00,0.1272,0.14258143133462284,0.0,0.591010206
2030-03-31 03:00:00,0.1132,0.1479715667311412,0.0,0.5913474329999999
2030-03-31 04:00:00,0.1115,0.1563586073500967,0.0,0.5916846610000001
2030-03-31 05:00:00,0.0956,0.16530135396518375,0.0506,0.592021888
2030-03-31 06:00:00,0.06929999999999999,0.15491257253384913,0.2031,0.592359115
2030-03-31 07:00:00,0.061099999999999995,0.16485822050290136,0.3817,0.592696343
2030-03-31 08:00:00,0.0702,0.1659487427466151,0.5284,0.59303357
2030-03-31 09:00:00,0.1038,0.14804835589941973,0.6284,0.5933707970000001
2030-03-31 10:00:00,0.1409,0.13394023210831718,0.6824,0.593708025
2030-03-31 11:00:00,0.1725,0.12812514506769826,0.691,0.594045252
2030-03-31 12:00:00,0.1959,0.13655493230174082,0.6546,0.59438248
2030-03-31 13:00:00,0.20910000000000004,0.1624460348162476,0.5742,0.594719707
2030-03-31 14:00:00,0.2156,0.20279206963249513,0.4525,0.595056934
2030-03-31 15:00:00,0.2217,0.25072166344294006,0.2929,0.5953941620000001
2030-03-31 16:00:00,0.2164,0.30091411992263056,0.1161,0.595731389
2030-03-31 17:00:00,0.24630000000000002,0.33286034816247584,0.0061,0.596068616
2030-03-31 18:00:00,0.2721,0.330289748549323,0.0,0.596405844
2030-03-31 19:00:00,0.2947000000000001,0.3152282398452611,0.0,0.596743071
2030-03-31 20:00:00,0.319,0.3001555125725338,0.0,0.597080298
2030-03-31 21:00:00,0.3358,0.28470096711798837,0.0,0.597417526
2030-03-31 22:00:00,0.365,0.2623698259187621,0.0,0.5977547529999999
2030-03-31 23:00:00,0.3802,0.2452009671179884,0.0,0.598091981
2030-04-01 00:00:00,0.37999999999999995,0.2423889748549323,0.0,0.598429208
2030-04-01 01:00:00,0.3635,0.24263675048355896,0.0,0.598672427
2030-04-01 02:00:00,0.3614,0.23326827852998064,0.0,0.598915645
2030-04-01 03:00:00,0.3535,0.20968491295938105,0.0,0.599158864
2030-04-01 04:00:00,0.3674,0.15605222437137334,0.0001,0.599402083
2030-04-01 05:00:00,0.3752,0.12525299806576404,0.0488,0.599645301
2030-04-01 06:00:00,0.3829,0.20378820116054158,0.1924,0.59988852
2030-04-01 07:00:00,0.3913,0.2666357833655706,0.3599,0.6001317389999999
2030-04-01 08:00:00,0.3312,0.3071137330754352,0.4939,0.600374958
2030-04-01 09:00:00,0.25189999999999996,0.32041489361702125,0.5852,0.600618176
2030-04-01 10:00:00,0.1939,0.32472301740812376,0.631,0.600861395
2030-04-01 11:00:00,0.154,0.31646866537717605,0.6412,0.601104614
2030-04-01 12:00:00,0.1166,0.3023386847195358,0.6119,0.6013478320000001
2030-04-01 13:00:00,0.0807,0.27456789168278534,0.5382,0.601591051
2030-04-01 14:00:00,0.0781,0.24720386847195355,0.4215,0.60183427
2030-04-01 15:00:00,0.11600000000000002,0.22639555125725339,0.2707,0.6020774879999999
2030-04-01 16:00:00,0.1635,0.20351121856866536,0.1086,0.6023207070000001
2030-04-01 17:00:00,0.2078,0.18989593810444877,0.0065,0.602563926
2030-04-01 18:00:00,0.16259999999999997,0.1768315280464217,0.0,0.602807145
2030-04-01 19:00:00,0.1064,0.1563423597678917,0.0,0.6030503629999999
2030-04-01 20:00:00,0.0893,0.13272437137330753,0.0,0.603293582
2030-04-01 21:00:00,0.0825,0.11388413926499032,0.0,0.6035368010000001
2030-04-01 22:00:00,0.07270000000000001,0.09894294003868472,0.0,0.603780019
2030-04-01 23:00:00,0.0641,0.08181566731141199,0.0,0.604023238
2030-04-02 00:00:00,0.0625,0.07770212765957447,0.0,0.604266457
2030-04-02 01:00:00,0.0602,0.08939613152804642,0.0,0.603527614
2030-04-02 02:00:00,0.0627,0.10256092843326886,0.0,0.6027887710000001
2030-04-02 03:00:00,0.0706,0.113836750483559,0.0,0.602049927
2030-04-02 04:00:00,0.081,0.12482746615087041,0.0001,0.601311084
2030-04-02 05:00:00,0.0735,0.14188607350096713,0.0521,0.6005722410000001
2030-04-02 06:00:00,0.0761,0.13438839458413926,0.1947,0.599833398
2030-04-02 07:00:00,0.064,0.13325957446808512,0.3562,0.599094555
2030-04-02 08:00:00,0.044300000000000006,0.1434487427466151,0.4851,0.598355712
2030-04-02 09:00:00,0.037200000000000004,0.13945918762088977,0.5624,0.597616869
2030-04-02 10:00:00,0.0326,0.14899961315280463,0.5855,0.596878025
2030-04-02 11:00:00,0.030700000000000005,0.17589593810444876,0.5738,0.596139182
2030-04-02 12:00:00,0.030300000000000004,0.20581528046421663,0.5265,0.595400339
2030-04-02 13:00:00,0.036199999999999996,0.24050502901353968,0.4431,0.5946614960000001
2030-04-02 14:00:00,0.0442,0.2811512572533849,0.3309,0.593922653
2030-04-02 15:00:00,0.0503,0.31060232108317215,0.1988,0.59318381
2030-04-02 16:00:00,0.04710000000000001,0.3568437137330755,0.0713,0.592444967
2030-04-02 17:00:00,0.038,0.414863829787234,0.0034,0.5917061229999999
2030-04-02 18:00:00,0.0364,0.41609071566731143,0.0,0.59096728
2030-04-02 19:00:00,0.0536,0.4207901353965184,0.0,0.590228437
2030-04-02 20:00:00,0.0825,0.4139003868471953,0.0,0.589489594
2030-04-02 21:00:00,0.1016,0.41225435203094773,0.0,0.588750751
2030-04-02 22:00:00,0.0713,0.39304294003868473,0.0,0.5880119079999999
2030-04-02 23:00:00,0.03610000000000001,0.3786001934235977,0.0,0.587273065
2030-04-03 00:00:00,0.0393,0.3872965183752418,0.0,0.586534221
2030-04-03 01:00:00,0.0507,0.3892119922630561,0.0,0.585580275
2030-04-03 02:00:00,0.050600000000000006,0.3795034816247583,0.0,0.584626329
2030-04-03 03:00:00,0.0451,0.3736851063829787,0.0,0.583672382
2030-04-03 04:00:00,0.032,0.36904545454545457,0.0001,0.5827184360000001
2030-04-03 05:00:00,0.017,0.3512771760154739,0.0365,0.58176449
2030-04-03 06:00:00,0.0047,0.3253328820116053,0.1608,0.580810543
2030-04-03 07:00:00,0.0089,0.31446382978723403,0.3202,0.579856597
2030-04-03 08:00:00,0.0234,0.30648297872340424,0.4551,0.57890265
2030-04-03 09:00:00,0.03629999999999999,0.2975487427466151,0.5497,0.577948704
2030-04-03 10:00:00,0.0478,0.2868727272727273,0.5909,0.576994758
2030-04-03 11:00:00,0.0542,0.2774309477756286,0.5737,0.576040811
2030-04-03 12:00:00,0.05959999999999999,0.25639999999999996,0.5108,0.575086865
2030-04-03 13:00:00,0.06429999999999998,0.2356562862669246,0.4253,0.574132919
2030-04-03 14:00:00,0.0671,0.20819613152804642,0.3058,0.573178972
2030-04-03 15:00:00,0.0666,0.19649206963249513,0.1773,0.572225026
2030-04-03 16:00:00,0.0678,0.20530599613152806,0.0614,0.571271079
2030-04-03 17:00:00,0.0759,0.2249274661508704,0.0016,0.570317133
2030-04-03 18:00:00,0.0823,0.22987659574468086,0.0,0.569363187
2030-04-03 19:00:00,0.08580000000000002,0.22671025145067697,0.0,0.56840924
2030-04-03 20:00:00,0.08409999999999998,0.214863249516441,0.0,0.5674552939999999
2030-04-03 21:00:00,0.09530000000000001,0.22457543520309475,0.0,0.566501348
2030-04-03 22:00:00,0.10549999999999998,0.23917620889748545,0.0,0.565547401
2030-04-03 23:00:00,0.1074,0.24270386847195358,0.0,0.564593455
2030-04-04 00:00:00,0.1043,0.23537524177949715,0.0,0.563639509
2030-04-04 01:00:00,0.0951,0.2288384912959381,0.0,0.5628950420000001
2030-04-04 02:00:00,0.0924,0.2145286266924565,0.0,0.5621505760000001
2030-04-04 03:00:00,0.0814,0.1984723404255319,0.0,0.56140611
2030-04-04 04:00:00,0.0675,0.17639226305609285,0.0001,0.560661644
2030-04-04 05:00:00,0.0513,0.1481274661508704,0.0356,0.559917177
2030-04-04 06:00:00,0.030900000000000004,0.13065841392649905,0.1498,0.559172711
2030-04-04 07:00:00,0.0328,0.13466905222437137,0.2921,0.558428245
2030-04-04 08:00:00,0.0281,0.1389295938104449,0.4133,0.557683779
2030-04-04 09:00:00,0.0355,0.13386112185686655,0.4821,0.556939312
2030-04-04 10:00:00,0.049600000000000005,0.1350359767891683,0.4956,0.556194846
2030-04-04 11:00:00,0.0638,0.14570502901353963,0.4588,0.55545038
2030-04-04 12:00:00,0.0735,0.15811953578336557,0.3875,0.554705914
2030-04-04 13:00:00,0.0776,0.17322359767891682,0.3041,0.553961447
2030-04-04 14:00:00,0.0784,0.19109226305609286,0.211,0.553216981
2030-04-04 15:00:00,0.0677,0.21641779497098645,0.1211,0.552472515
2030-04-04 16:00:00,0.054,0.2712460348162476,0.043,0.5517280489999999
2030-04-04 17:00:00,0.0444,0.3003208897485493,0.0012,0.5509835820000001
2030-04-04 18:00:00,0.0498,0.2830841392649904,0.0,0.550239116
2030-04-04 19:00:00,0.1254,0.22431760154738878,0.0,0.54949465
2030-04-04 20:00:00,0.22739999999999996,0.2238835589941973,0.0,0.548750184
2030-04-04 21:00:00,0.2161,0.3015083172147002,0.0,0.548005718
2030-04-04 22:00:00,0.14079999999999998,0.40491470019342357,0.0,0.547261251
2030-04-04 23:00:00,0.1951,0.47105976789168275,0.0,0.546516785
2030-04-05 00:00:00,0.4832,0.4268164410058026,0.0,0.545772319
2030-04-05 01:00:00,0.4397,0.3821150870406189,0.0,0.545411411
2030-04-05 02:00:00,0.3443,0.31253539651837525,0.0,0.545050503
2030-04-05 03:00:00,0.3329,0.26373829787234043,0.0,0.544689596
2030-04-05 04:00:00,0.2664,0.2369456479690522,0.0,0.544328688
2030-04-05 05:00:00,0.1581,0.19911702127659572,0.0176,0.54396778
2030-04-05 06:00:00,0.1075,0.13041740812379113,0.0847,0.543606872
2030-04-05 07:00:00,0.0908,0.10926402321083171,0.1777,0.543245965
2030-04-05 08:00:00,0.0548,0.11728123791102514,0.2623,0.542885057
2030-04-05 09:00:00,0.038,0.10512379110251452,0.3338,0.542524149
2030-04-05 10:00:00,0.03269999999999999,0.07682823984526112,0.3768,0.542163241
2030-04-05 11:00:00,0.0438,0.04963268858800774,0.3913,0.541802334
2030-04-05 12:00:00,0.0659,0.03449419729206963,0.3643,0.541441426
2030-04-05 13:00:00,0.0968,0.030513539651837524,0.2988,0.541080518
2030-04-05 14:00:00,0.1207,0.038611798839458415,0.2227,0.540719611
2030-04-05 15:00:00,0.1117,0.053787814313346234,0.139,0.540358703
2030-04-05 16:00:00,0.0787,0.06588201160541586,0.0559,0.539997795
2030-04-05 17:00:00,0.0708,0.07539187620889748,0.0039,0.539636887
2030-04-05 18:00:00,0.0709,0.07480754352030948,0.0,0.53927598
2030-04-05 19:00:00,0.0808,0.06463230174081239,0.0,0.538915072
2030-04-05 20:00:00,0.1008,0.044788007736943906,0.0,0.538554164
2030-04-05 21:00:00,0.1315,0.033631721470019346,0.0,0.538193256
2030-04-05 22:00:00,0.1513,0.03008278529980658,0.0,0.537832349
2030-04-05 23:00:00,0.1713,0.029142940038684714,0.0,0.537471441
2030-04-06 00:00:00,0.1994,0.031874854932301744,0.0,0.537110533
2030-04-06 01:00:00,0.2266,0.04222340425531915,0.0,0.537519356
2030-04-06 02:00:00,0.2453,0.06014661508704062,0.0,0.537928179
2030-04-06 03:00:00,0.2471,0.07572785299806575,0.0,0.538337002
2030-04-06 04:00:00,0.251,0.07973965183752417,0.0002,0.538745825
2030-04-06 05:00:00,0.21800000000000003,0.07218684719535784,0.0407,0.539154647
2030-04-06 06:00:00,0.2269,0.06065067698259187,0.1646,0.53956347
2030-04-06 07:00:00,0.19910000000000003,0.06366905222437137,0.342,0.5399722929999999
2030-04-06 08:00:00,0.1576,0.06171895551257254,0.5016,0.540381116
2030-04-06 09:00:00,0.13550000000000004,0.04833326885880077,0.5953,0.5407899389999999
2030-04-06 10:00:00,0.1396,0.036749323017408124,0.6406,0.541198762
2030-04-06 11:00:00,0.1667,0.033304642166344295,0.638,0.541607585
2030-04-06 12:00:00,0.204,0.03935841392649903,0.5838,0.542016407
2030-04-06 13:00:00,0.2248,0.04614158607350097,0.4925,0.54242523
2030-04-06 14:00:00,0.2411,0.04594468085106384,0.3641,0.542834053
2030-04-06 15:00:00,0.2341,0.04224661508704061,0.2149,0.543242876
2030-04-06 16:00:00,0.186,0.04416924564796905,0.0789,0.543651699
2030-04-06 17:00:00,0.1523,0.05057350096711799,0.0042,0.544060522
2030-04-06 18:00:00,0.1464,0.06671121856866538,0.0,0.544469344
2030-04-06 19:00:00,0.14660000000000004,0.09675048355899418,0.0,0.544878167
2030-04-06 20:00:00,0.1517,0.12378781431334622,0.0,0.54528699
2030-04-06 21:00:00,0.1644,0.13028762088974855,0.0,0.5456958129999999
2030-04-06 22:00:00,0.1764,0.12439961315280464,0.0,0.546104636
2030-04-06 23:00:00,0.1822,0.11593520309477756,0.0,0.546513459
2030-04-07 00:00:00,0.17259999999999998,0.11800928433268859,0.0,0.546922282
2030-04-07 01:00:00,0.1512,0.11636363636363636,0.0,0.547264498
2030-04-07 02:00:00,0.1398,0.100642166344294,0.0,0.547606715
2030-04-07 03:00:00,0.1339,0.09031431334622823,0.0,0.547948932
2030-04-07 04:00:00,0.13700000000000004,0.09447872340425531,0.0002,0.548291149
2030-04-07 05:00:00,0.13189999999999996,0.10423462282398452,0.032,0.548633366
2030-04-07 06:00:00,0.1166,0.122042166344294,0.1164,0.5489755829999999
2030-04-07 07:00:00,0.1255,0.1707473887814313,0.2083,0.5493178000000001
2030-04-07 08:00:00,0.13529999999999998,0.25549129593810443,0.2828,0.549660017
2030-04-07 09:00:00,0.1492,0.37107582205029016,0.3306,0.550002233
2030-04-07 10:00:00,0.1975,0.4380400386847195,0.3708,0.55034445
2030-04-07 11:00:00,0.23519999999999996,0.4740564796905223,0.3965,0.550686667
2030-04-07 12:00:00,0.2639,0.49868781431334624,0.4042,0.5510288839999999
2030-04-07 13:00:00,0.36369999999999997,0.5218206963249516,0.3853,0.551371101
2030-04-07 14:00:00,0.4777,0.5407369439071567,0.323,0.551713318
2030-04-07 15:00:00,0.5254,0.5572334622823985,0.221,0.552055535
2030-04-07 16:00:00,0.4784,0.5318330754352031,0.0929,0.5523977520000001
2030-04-07 17:00:00,0.4208,0.5119007736943907,0.0061,0.5527399679999999
2030-04-07 18:00:00,0.4937,0.5051261121856867,0.0,0.553082185
2030-04-07 19:00:00,0.5617,0.4809899419729208,0.0,0.553424402
2030-04-07 20:00:00,0.5719999999999998,0.44349400386847193,0.0,0.553766619
2030-04-07 21:00:00,0.5723000000000001,0.4024442940038685,0.0,0.554108836
2030-04-07 22:00:00,0.5839,0.3542377176015474,0.0,0.554451053
2030-04-07 23:00:00,0.589,0.3031531914893617,0.0,0.55479327
2030-04-08 00:00:00,0.5635000000000001,0.27571895551257253,0.0,0.555135487
2030-04-08 01:00:00,0.5346,0.2534969052224372,0.0,0.555036726
2030-04-08 02:00:00,0.5181,0.2595282398452611,0.0,0.554937965
2030-04-08 03:00:00,0.4726,0.33185183752417796,0.0,0.554839205
2030-04-08 04:00:00,0.42949999999999994,0.4563311411992263,0.0004,0.554740444
2030-04-08 05:00:00,0.346,0.5426411992263056,0.0411,0.554641684
2030-04-08 06:00:00,0.2672,0.5587315280464217,0.1311,0.554542923
2030-04-08 07:00:00,0.2622,0.5968794970986461,0.2424,0.554444162
2030-04-08 08:00:00,0.301,0.6341116054158606,0.3585,0.554345402
2030-04-08 09:00:00,0.3371,0.6556429400386847,0.4436,0.554246641
2030-04-08 10:00:00,0.329,0.6514870406189556,0.4823,0.554147881
2030-04-08 11:00:00,0.2811,0.7049580270793037,0.4875,0.55404912
2030-04-08 12:00:00,0.24059999999999998,0.7568363636363636,0.4612,0.55395036
2030-04-08 13:00:00,0.2105,0.7711725338491296,0.4123,0.553851599
2030-04-08 14:00:00,0.2053,0.7658777562862669,0.3333,0.553752838
2030-04-08 15:00:00,0.2312,0.7563941972920697,0.2248,0.553654078
2030-04-08 16:00:00,0.1964,0.73526499032882,0.1023,0.553555317
2030-04-08 17:00:00,0.1503,0.721251837524178,0.0133,0.5534565570000001
2030-04-08 18:00:00,0.1471,0.7348292069632495,0.0,0.553357796
2030-04-08 19:00:00,0.1168,0.751125918762089,0.0,0.553259036
2030-04-08 20:00:00,0.0819,0.7567860735009672,0.0,0.553160275
2030-04-08 21:00:00,0.2227,0.7546063829787234,0.0,0.553061514
2030-04-08 22:00:00,0.47039999999999993,0.7435247582205029,0.0,0.552962754
2030-04-08 23:00:00,0.7058999999999999,0.7295011605415862,0.0,0.552863993
2030-04-09 00:00:00,0.8734000000000001,0.7166992263056092,0.0,0.552765233
2030-04-09 01:00:00,0.9033,0.7258139264990329,0.0,0.551928263
2030-04-09 02:00:00,0.8517,0.7135234042553192,0.0,0.5510912920000001
2030-04-09 03:00:00,0.8043000000000001,0.6864901353965184,0.0,0.550254322
2030-04-09 04:00:00,0.8189999999999998,0.6821303675048356,0.0003,0.5494173520000001
2030-04-09 05:00:00,0.8401,0.68141083172147,0.0589,0.548580382
2030-04-09 06:00:00,0.8818999999999999,0.7086926499032883,0.2086,0.547743412
2030-04-09 07:00:00,0.8815,0.7307512572533849,0.377,0.546906442
2030-04-09 08:00:00,0.8658,0.7149671179883945,0.5229,0.546069472
2030-04-09 09:00:00,0.8354,0.6857328820116054,0.6215,0.5452325020000001
2030-04-09 10:00:00,0.7951999999999999,0.6533671179883945,0.6815,0.544395531
2030-04-09 11:00:00,0.7364,0.6320290135396518,0.6916,0.543558561
2030-04-09 12:00:00,0.6667,0.6147305609284333,0.6628,0.5427215910000001
2030-04-09 13:00:00,0.598,0.5968665377176016,0.5896,0.541884621
2030-04-09 14:00:00,0.5309000000000001,0.5724272727272727,0.4774,0.541047651
2030-04-09 15:00:00,0.462,0.5306466150870406,0.3244,0.540210681
2030-04-09 16:00:00,0.376,0.46243713733075426,0.1438,0.539373711
2030-04-09 17:00:00,0.3027000000000001,0.38805183752417793,0.0131,0.538536741
2030-04-09 18:00:00,0.2639,0.33289264990328826,0.0,0.53769977
2030-04-09 19:00:00,0.21350000000000002,0.2723628626692457,0.0,0.5368628000000001
2030-04-09 20:00:00,0.1713,0.23109787234042553,0.0,0.53602583
2030-04-09 21:00:00,0.1387,0.2072166344294004,0.0,0.53518886
2030-04-09 22:00:00,0.1323,0.1896887814313346,0.0,0.53435189
2030-04-09 23:00:00,0.13519999999999996,0.1767230174081238,0.0,0.53351492
2030-04-10 00:00:00,0.1368,0.16959632495164412,0.0,0.53267795
2030-04-10 01:00:00,0.1206,0.15475280464216637,0.0,0.531289124
2030-04-10 02:00:00,0.10620000000000002,0.13687098646034818,0.0,0.529900299
2030-04-10 03:00:00,0.092,0.1241644100580271,0.0,0.528511473
2030-04-10 04:00:00,0.0746,0.11097969052224371,0.0011,0.527122647
2030-04-10 05:00:00,0.0477,0.0809733075435203,0.0741,0.5257338220000001
2030-04-10 06:00:00,0.049999999999999996,0.06379961315280465,0.2152,0.5243449960000001
2030-04-10 07:00:00,0.0597,0.05222765957446808,0.352,0.522956171
2030-04-10 08:00:00,0.0417,0.042237330754352036,0.4739,0.521567345
2030-04-10 09:00:00,0.024800000000000003,0.036238297872340425,0.5697,0.52017852
2030-04-10 10:00:00,0.0128,0.030864796905222435,0.6146,0.518789694
2030-04-10 11:00:00,0.0075,0.0378431334622824,0.6324,0.5174008689999999
2030-04-10 12:00:00,0.013900000000000001,0.04970077369439072,0.6103,0.5160120429999999
2030-04-10 13:00:00,0.0491,0.05610851063829787,0.5458,0.514623218
2030-04-10 14:00:00,0.0947,0.062329593810444874,0.4,0.513234392
2030-04-10 15:00:00,0.0814,0.10984719535783365,0.2361,0.5118455670000001
2030-04-10 16:00:00,0.094,0.10608491295938105,0.0845,0.510456741
2030-04-10 17:00:00,0.1209,0.11782185686653772,0.0041,0.509067916
2030-04-10 18:00:00,0.10549999999999998,0.14934893617021278,0.0,0.50767909
2030-04-10 19:00:00,0.0924,0.16968065764023213,0.0,0.506290265
2030-04-10 20:00:00,0.1372,0.19392843326885878,0.0,0.504901439
2030-04-10 21:00:00,0.2198,0.1855990328820116,0.0,0.5035126129999999
2030-04-10 22:00:00,0.21910000000000002,0.16561218568665378,0.0,0.502123788
2030-04-10 23:00:00,0.2379,0.16888742746615087,0.0,0.500734962
2030-04-11 00:00:00,0.2437,0.18460696324951645,0.0,0.499346137
2030-04-11 01:00:00,0.2291,0.21053984526112185,0.0,0.497948679
2030-04-11 02:00:00,0.2718999999999999,0.2736485493230174,0.0,0.49655122100000004
2030-04-11 03:00:00,0.2809,0.3494375241779497,0.0,0.49515376200000005
2030-04-11 04:00:00,0.2359,0.3212827852998066,0.0002,0.493756304
2030-04-11 05:00:00,0.27699999999999997,0.2533495164410058,0.0278,0.492358846
2030-04-11 06:00:00,0.20910000000000004,0.2536011605415861,0.0893,0.49096138799999994
2030-04-11 07:00:00,0.33170000000000005,0.34420212765957453,0.1801,0.48956393
2030-04-11 08:00:00,0.4353,0.4397883945841392,0.2605,0.488166472
2030-04-11 09:00:00,0.5133,0.43020367504835594,0.3362,0.486769013
2030-04-11 10:00:00,0.602,0.35142940038684717,0.3732,0.485371555
2030-04-11 11:00:00,0.7063999999999999,0.3182408123791102,0.3853,0.48397409700000005
2030-04-11 12:00:00,0.7625,0.2892021276595745,0.3848,0.482576639
2030-04-11 13:00:00,0.781,0.23885067698259185,0.3724,0.481179181
2030-04-11 14:00:00,0.7842,0.2116268858800774,0.3163,0.479781722
2030-04-11 15:00:00,0.7832000000000001,0.21388104448742748,0.2217,0.478384264
2030-04-11 16:00:00,0.6042,0.23062359767891683,0.1031,0.47698680600000004
2030-04-11 17:00:00,0.5319000000000002,0.26718684719535785,0.0119,0.47558934799999997
2030-04-11 18:00:00,0.4593,0.30073558994197297,0.0,0.47419189
2030-04-11 19:00:00,0.3448,0.352700580270793,0.0,0.47279443200000004
2030-04-11 20:00:00,0.31399999999999995,0.37151179883945834,0.0,0.471396973
2030-04-11 21:00:00,0.321,0.35904738878143133,0.0,0.469999515
2030-04-11 22:00:00,0.3387,0.37074951644100573,0.0,0.468602057
2030-04-11 23:00:00,0.357,0.321557253384913,0.0,0.467204599
2030-04-12 00:00:00,0.3331,0.27896634429400385,0.0,0.46580714100000004
2030-04-12 01:00:00,0.31329999999999997,0.2634323017408124,0.0,0.46463975399999996
2030-04-12 02:00:00,0.2894,0.2130771760154739,0.0,0.46347236799999997
2030-04-12 03:00:00,0.27320000000000005,0.1819752417794971,0.0,0.46230498200000003
2030-04-12 04:00:00,0.2714,0.15349245647969054,0.0011,0.461137595
2030-04-12 05:00:00,0.2158,0.10675299806576402,0.071,0.45997020899999996
2030-04-12 06:00:00,0.2082,0.07336382978723403,0.2256,0.45880282200000005
2030-04-12 07:00:00,0.1575,0.04710618955512572,0.4057,0.457635436
2030-04-12 08:00:00,0.1117,0.035236943907156676,0.5541,0.456468049
2030-04-12 09:00:00,0.1072,0.04886324951644101,0.6512,0.455300663
2030-04-12 10:00:00,0.1175,0.06072920696324951,0.6975,0.45413327700000006
2030-04-12 11:00:00,0.128,0.06620406189555125,0.691,0.45296589
2030-04-12 12:00:00,0.1337,0.06775918762088975,0.6362,0.451798504
2030-04-12 13:00:00,0.1071,0.07523771760154739,0.5346,0.450631117
2030-04-12 14:00:00,0.103,0.07361895551257254,0.4023,0.44946373100000003
2030-04-12 15:00:00,0.1028,0.07757427466150871,0.2331,0.44829634399999996
2030-04-12 16:00:00,0.1078,0.0652889748549323,0.083,0.44712895799999997
2030-04-12 17:00:00,0.0929,0.05666382978723405,0.0073,0.44596157200000003
2030-04-12 18:00:00,0.07039999999999999,0.044290522243713736,0.0,0.444794185
2030-04-12 19:00:00,0.0466,0.044877949709864605,0.0,0.44362679899999996
2030-04-12 20:00:00,0.0456,0.05874738878143133,0.0,0.44245941200000005
2030-04-12 21:00:00,0.0332,0.10230618955512573,0.0,0.441292026
2030-04-12 22:00:00,0.0219,0.11651856866537717,0.0,0.440124639
2030-04-12 23:00:00,0.016800000000000002,0.1493570599613153,0.0,0.438957253
2030-04-13 00:00:00,0.023,0.22060580270793034,0.0,0.43778986700000005
2030-04-13 01:00:00,0.0244,0.36889361702127654,0.0,0.43686134299999996
2030-04-13 02:00:00,0.0293,0.4718558994197292,0.0,0.43593281899999997
2030-04-13 03:00:00,0.0434,0.5266137330754352,0.0,0.435004296
2030-04-13 04:00:00,0.047,0.5362313346228239,0.0006,0.434075772
2030-04-13 05:00:00,0.039700000000000006,0.546589748549323,0.0251,0.433147248
2030-04-13 06:00:00,0.0282,0.5735808510638298,0.0719,0.432218725
2030-04-13 07:00:00,0.0434,0.58133249516441,0.1243,0.43129020100000004
2030-04-13 08:00:00,0.07940000000000001,0.5994793036750484,0.1859,0.43036167799999997
2030-04-13 09:00:00,0.1091,0.6042504835589941,0.2321,0.429433154
2030-04-13 10:00:00,0.1461,0.5818812379110252,0.259,0.42850463
2030-04-13 11:00:00,0.2225,0.5535992263056094,0.2667,0.42757610700000004
2030-04-13 12:00:00,0.2997,0.5590468085106383,0.2472,0.426647583
2030-04-13 13:00:00,0.30229999999999996,0.5892375241779497,0.2051,0.425719059
2030-04-13 14:00:00,0.2646,0.6103218568665377,0.1553,0.424790536
2030-04-13 15:00:00,0.2198,0.6223924564796905,0.0936,0.423862012
2030-04-13 16:00:00,0.18500000000000003,0.5793183752417794,0.0364,0.42293348799999997
2030-04-13 17:00:00,0.1926,0.6180392649903288,0.0023,0.422004965
2030-04-13 18:00:00,0.1764,0.687424758220503,0.0,0.421076441
2030-04-13 19:00:00,0.15210000000000004,0.709057833655706,0.0,0.42014791799999995
2030-04-13 20:00:00,0.14650000000000002,0.7093491295938106,0.0,0.41921939399999997
2030-04-13 21:00:00,0.1596,0.6935079303675048,0.0,0.41829087
2030-04-13 22:00:00,0.1852,0.6758769825918762,0.0,0.417362347
2030-04-13 23:00:00,0.1926,0.6596185686653772,0.0,0.416433823
2030-04-14 00:00:00,0.2042,0.6433234042553191,0.0,0.415505299
2030-04-14 01:00:00,0.188,0.63381083172147,0.0,0.41476511
2030-04-14 02:00:00,0.1623,0.6446183752417793,0.0,0.41402492
2030-04-14 03:00:00,0.1324,0.6694326885880078,0.0,0.413284731
2030-04-14 04:00:00,0.1124,0.695414506769826,0.0009,0.41254454100000004
2030-04-14 05:00:00,0.0795,0.7151036750483559,0.0383,0.41180435200000004
2030-04-14 06:00:00,0.0666,0.7470365570599613,0.1196,0.411064162
2030-04-14 07:00:00,0.0406,0.783636750483559,0.2173,0.41032397299999995
2030-04-14 08:00:00,0.0295,0.8001108317214699,0.3,0.409583783
2030-04-14 09:00:00,0.029700000000000004,0.7855870406189556,0.3579,0.408843594
2030-04-14 10:00:00,0.0718,0.7478748549323017,0.3803,0.408103404
2030-04-14 11:00:00,0.1783,0.6962417794970986,0.3713,0.407363215
2030-04-14 12:00:00,0.31150000000000005,0.657780077369439,0.3303,0.406623025
2030-04-14 13:00:00,0.43829999999999997,0.643639845261122,0.2648,0.405882836
2030-04-14 14:00:00,0.5663,0.6518665377176016,0.1952,0.405142646
2030-04-14 15:00:00,0.6432,0.6567342359767893,0.1231,0.40440245700000005
2030-04-14 16:00:00,0.6436,0.6295061895551257,0.0531,0.403662267
2030-04-14 17:00:00,0.655,0.5996392649903289,0.0044,0.40292207799999996
2030-04-14 18:00:00,0.7005,0.581752998065764,0.0,0.402181888
2030-04-14 19:00:00,0.703,0.5575206963249516,0.0,0.40144169799999996
2030-04-14 20:00:00,0.7076,0.5066659574468085,0.0,0.400701509
2030-04-14 21:00:00,0.6717,0.44802901353965185,0.0,0.399961319
2030-04-14 22:00:00,0.6485,0.38467775628626694,0.0,0.39922113
2030-04-14 23:00:00,0.6068,0.35688588007736943,0.0,0.39848094
2030-04-15 00:00:00,0.5645999999999999,0.36117272727272726,0.0,0.397740751
2030-04-15 01:00:00,0.5385,0.37181953578336563,0.0,0.397178679
2030-04-15 02:00:00,0.4937,0.3568172147001934,0.0,0.396616607
2030-04-15 03:00:00,0.4554,0.3110883945841392,0.0,0.396054535
2030-04-15 04:00:00,0.4178,0.22378471953578338,0.0013,0.39549246299999996
2030-04-15 05:00:00,0.3589,0.15949323017408124,0.0438,0.394930391
2030-04-15 06:00:00,0.4637,0.1428597678916828,0.1362,0.39436831899999997
2030-04-15 07:00:00,0.4921,0.16877969052224373,0.2555,0.39380624700000005
2030-04-15 08:00:00,0.4648,0.21356112185686654,0.3684,0.393244175
2030-04-15 09:00:00,0.43849999999999995,0.26283210831721476,0.4516,0.39268210299999995
2030-04-15 10:00:00,0.4152,0.2827388781431335,0.4931,0.39212003100000004
2030-04-15 11:00:00,0.3828,0.2878268858800774,0.4893,0.391557959
2030-04-15 12:00:00,0.3646,0.2912574468085106,0.445,0.39099588700000004
2030-04-15 13:00:00,0.3763,0.271063249516441,0.3702,0.390433815
2030-04-15 14:00:00,0.40630000000000005,0.22754468085106383,0.275,0.389871743
2030-04-15 15:00:00,0.3537,0.1648642166344294,0.1728,0.389309671
2030-04-15 16:00:00,0.23839999999999997,0.12811972920696327,0.0743,0.388747599
2030-04-15 17:00:00,0.21,0.12877640232108317,0.0086,0.38818552700000003
2030-04-15 18:00:00,0.2323,0.12849110251450674,0.0,0.387623455
2030-04-15 19:00:00,0.2217,0.13698123791102512,0.0,0.387061383
2030-04-15 20:00:00,0.2158,0.16765667311411994,0.0,0.386499311
2030-04-15 21:00:00,0.1888,0.2125448742746615,0.0,0.385937239
2030-04-15 22:00:00,0.16259999999999997,0.220894584139265,0.0,0.385375167
2030-04-15 23:00:00,0.14409999999999998,0.21509787234042554,0.0,0.384813095
2030-04-16 00:00:00,0.1272,0.23064932301740812,0.0,0.38425102299999997
2030-04-16 01:00:00,0.1061,0.21859825918762088,0.0,0.383777019
2030-04-16 02:00:00,0.0884,0.18672243713733075,0.0,0.383303016
2030-04-16 03:00:00,0.0832,0.1556852998065764,0.0,0.382829013
2030-04-16 04:00:00,0.07550000000000001,0.13776576402321083,0.0004,0.38235501
2030-04-16 05:00:00,0.0441,0.14284603481624758,0.0431,0.381881006
2030-04-16 06:00:00,0.016899999999999995,0.18153172147001936,0.1342,0.38140700299999997
2030-04-16 07:00:00,0.0027000000000000006,0.21188007736943906,0.2389,0.38093299999999997
2030-04-16 08:00:00,0.01,0.2586299806576402,0.3254,0.380458997
2030-04-16 09:00:00,0.0239,0.2801994197292069,0.373,0.379984993
2030-04-16 10:00:00,0.0244,0.30562804642166347,0.3895,0.37951099
2030-04-16 11:00:00,0.0163,0.31778065764023217,0.379,0.37903698700000005
2030-04-16 12:00:00,0.0098,0.3027381044487428,0.3416,0.378562984
2030-04-16 13:00:00,0.0219,0.27501586073500967,0.2863,0.378088981
2030-04-16 14:00:00,0.0568,0.25570386847195364,0.2221,0.377614977
2030-04-16 15:00:00,0.0878,0.24275860735009672,0.1472,0.37714097399999996
2030-04-16 16:00:00,0.0868,0.22577543520309476,0.0706,0.376666971
2030-04-16 17:00:00,0.091,0.21305744680851063,0.0092,0.37619296799999996
2030-04-16 18:00:00,0.1061,0.20073597678916827,0.0,0.375718964
2030-04-16 19:00:00,0.1351,0.18471083172147004,0.0,0.375244961
2030-04-16 20:00:00,0.1642,0.18499806576402322,0.0,0.374770958
2030-04-16 21:00:00,0.1634,0.22060444874274662,0.0,0.374296955
2030-04-16 22:00:00,0.159,0.26405647969052226,0.0,0.373822951
2030-04-16 23:00:00,0.1562,0.28352804642166346,0.0,0.37334894799999996
2030-04-17 00:00:00,0.1644,0.27806479690522246,0.0,0.372874945
2030-04-17 01:00:00,0.19879999999999998,0.2585883945841393,0.0,0.37238446799999997
2030-04-17 02:00:00,0.2179,0.23632379110251447,0.0,0.371893992
2030-04-17 03:00:00,0.24480000000000002,0.23545531914893617,0.0,0.371403515
2030-04-17 04:00:00,0.2286,0.23438375241779497,0.0015,0.370913039
2030-04-17 05:00:00,0.1963,0.2056166344294004,0.0624,0.370422562
2030-04-17 06:00:00,0.16599999999999998,0.18999206963249518,0.1942,0.369932086
2030-04-17 07:00:00,0.1423,0.18836943907156675,0.3506,0.369441609
2030-04-17 08:00:00,0.1075,0.1748292069632495,0.4815,0.368951133
2030-04-17 09:00:00,0.0804,0.15354294003868474,0.5727,0.368460656
2030-04-17 10:00:00,0.06819999999999998,0.13847001934235978,0.6174,0.36797018
2030-04-17 11:00:00,0.0714,0.13695589941972922,0.6101,0.367479703
2030-04-17 12:00:00,0.0872,0.14773558994197292,0.5606,0.366989226
2030-04-17 13:00:00,0.111,0.16939052224371373,0.4771,0.36649875
2030-04-17 14:00:00,0.13189999999999996,0.20090309477756288,0.3684,0.366008273
2030-04-17 15:00:00,0.1227,0.24924410058027074,0.2461,0.36551779700000003
2030-04-17 16:00:00,0.0987,0.30325918762088977,0.12,0.36502732
2030-04-17 17:00:00,0.0945,0.3525344294003869,0.0203,0.36453684399999997
2030-04-17 18:00:00,0.1031,0.38373829787234043,0.0,0.36404636700000004
2030-04-17 19:00:00,0.1106,0.3978094777562862,0.0,0.363555891
2030-04-17 20:00:00,0.11199999999999999,0.41164603481624756,0.0,0.363065414
2030-04-17 21:00:00,0.1207,0.42384177949709856,0.0,0.36257493799999996
2030-04-17 22:00:00,0.1342,0.441974081237911,0.0,0.362084461
2030-04-17 23:00:00,0.136,0.4715864603481625,0.0,0.361593985
2030-04-18 00:00:00,0.14770000000000003,0.5094386847195357,0.0,0.36110350799999996
2030-04-18 01:00:00,0.1592,0.5351823984526113,0.0,0.36060527
2030-04-18 02:00:00,0.16819999999999996,0.5345181818181818,0.0,0.36010703200000005
2030-04-18 03:00:00,0.1594,0.5192738878143134,0.0,0.359608794
2030-04-18 04:00:00,0.1578,0.5024288201160542,0.0027,0.359110556
2030-04-18 05:00:00,0.11510000000000001,0.5073510638297872,0.0741,0.358612318
2030-04-18 06:00:00,0.13739999999999997,0.5794990328820115,0.2079,0.35811408
2030-04-18 07:00:00,0.18769999999999998,0.6005984526112186,0.3594,0.357615842
2030-04-18 08:00:00,0.2494,0.6060328820116054,0.4826,0.357117604
2030-04-18 09:00:00,0.2812,0.6055381044487428,0.5565,0.356619366
2030-04-18 10:00:00,0.2894,0.5907912959381044,0.585,0.35612112799999995
2030-04-18 11:00:00,0.3088,0.567216247582205,0.5683,0.35562289
2030-04-18 12:00:00,0.3721,0.5499671179883946,0.5087,0.35512465200000004
2030-04-18 13:00:00,0.4292000000000001,0.5351402321083172,0.4128,0.354626414
2030-04-18 14:00:00,0.458,0.5100518375241779,0.3012,0.354128176
2030-04-18 15:00:00,0.4669,0.473063249516441,0.1923,0.353629938
2030-04-18 16:00:00,0.4306,0.4072541586073501,0.0869,0.3531317
2030-04-18 17:00:00,0.3856,0.3420077369439071,0.0118,0.352633462
2030-04-18 18:00:00,0.3902,0.30097098646034814,0.0,0.35213522399999997
2030-04-18 19:00:00,0.3992,0.2859882011605416,0.0,0.35163698600000004
2030-04-18 20:00:00,0.45,0.27676208897485494,0.0,0.35113874799999995
2030-04-18 21:00:00,0.46269999999999994,0.25527582205029015,0.0,0.35064051
2030-04-18 22:00:00,0.5029,0.22319206963249516,0.0,0.35014227200000003
2030-04-18 23:00:00,0.5649000000000001,0.20868007736943905,0.0,0.349644034
2030-04-19 00:00:00,0.5945,0.20766769825918763,0.0,0.349145796
2030-04-19 01:00:00,0.6365,0.18970812379110252,0.0,0.34872351
2030-04-19 02:00:00,0.7217,0.1864263056092843,0.0,0.348301223
2030-04-19 03:00:00,0.7983,0.20762591876208897,0.0,0.347878936
2030-04-19 04:00:00,0.747,0.22907582205029015,0.0013,0.34745665
2030-04-19 05:00:00,0.6103,0.2221350096711799,0.053,0.34703436299999996
2030-04-19 06:00:00,0.5368,0.2091785299806576,0.1594,0.346612077
2030-04-19 07:00:00,0.5182999999999999,0.20817775628626692,0.2998,0.34618979
2030-04-19 08:00:00,0.5138999999999999,0.2048806576402321,0.399,0.345767504
2030-04-19 09:00:00,0.48579999999999995,0.1939586073500967,0.4497,0.34534521700000004
2030-04-19 10:00:00,0.483,0.1911663442940039,0.4604,0.34492293
2030-04-19 11:00:00,0.49029999999999996,0.21494294003868475,0.4127,0.34450064399999997
2030-04-19 12:00:00,0.4708,0.25810270793036755,0.3445,0.34407835700000006
2030-04-19 13:00:00,0.4238,0.25976576402321083,0.2795,0.343656071
2030-04-19 14:00:00,0.37070000000000003,0.2410916827852998,0.2139,0.343233784
2030-04-19 15:00:00,0.3332,0.21297311411992265,0.1406,0.342811497
2030-04-19 16:00:00,0.2854,0.18928974854932304,0.0672,0.342389211
2030-04-19 17:00:00,0.2154,0.19051160541586074,0.0095,0.341966924
2030-04-19 18:00:00,0.1927,0.20629651837524177,0.0,0.34154463799999996
2030-04-19 19:00:00,0.2159,0.20870638297872343,0.0,0.341122351
2030-04-19 20:00:00,0.2423,0.23080599613152808,0.0,0.34070006399999997
2030-04-19 21:00:00,0.304,0.2553222437137331,0.0,0.340277778
2030-04-19 22:00:00,0.3824,0.2528965183752418,0.0,0.339855491
2030-04-19 23:00:00,0.4863,0.25678336557059966,0.0,0.339433205
2030-04-20 00:00:00,0.5508000000000001,0.2746036750483559,0.0,0.339010918
2030-04-20 01:00:00,0.541,0.2751787234042553,0.0,0.338744573
2030-04-20 02:00:00,0.4826,0.2746516441005803,0.0,0.33847822899999996
2030-04-20 03:00:00,0.456,0.2790363636363636,0.0,0.33821188399999996
2030-04-20 04:00:00,0.4465,0.2812835589941973,0.0022,0.33794553899999996
2030-04-20 05:00:00,0.42990000000000006,0.266252417794971,0.0605,0.337679195
2030-04-20 06:00:00,0.5671,0.31523462282398457,0.1732,0.33741285
2030-04-20 07:00:00,0.6706,0.3523218568665377,0.3053,0.337146505
2030-04-20 08:00:00,0.7259,0.37897350096711796,0.3906,0.336880161
2030-04-20 09:00:00,0.7385,0.4119533849129594,0.4316,0.336613816
2030-04-20 10:00:00,0.7297,0.44815357833655706,0.4647,0.336347471
2030-04-20 11:00:00,0.7400000000000001,0.4709727272727273,0.4733,0.33608112700000004
2030-04-20 12:00:00,0.7497999999999999,0.4782651837524178,0.4585,0.33581478200000003
2030-04-20 13:00:00,0.7509,0.4797382978723405,0.4041,0.33554843700000003
2030-04-20 14:00:00,0.698,0.4662350096711799,0.3193,0.335282093
2030-04-20 15:00:00,0.6286,0.43687214700193433,0.2268,0.335015748
2030-04-20 16:00:00,0.521,0.3573295938104449,0.1179,0.334749403
2030-04-20 17:00:00,0.4438,0.3028851063829787,0.0228,0.334483058
2030-04-20 18:00:00,0.4621,0.28199148936170215,0.0,0.33421671399999997
2030-04-20 19:00:00,0.4865,0.29178394584139267,0.0,0.33395036899999997
2030-04-20 20:00:00,0.4841,0.3268249516441006,0.0,0.33368402399999997
2030-04-20 21:00:00,0.4652,0.35961566731141204,0.0,0.33341768
2030-04-20 22:00:00,0.46049999999999996,0.36905764023210835,0.0,0.333151335
2030-04-20 23:00:00,0.4428,0.37450154738878144,0.0,0.33288499
2030-04-21 00:00:00,0.4269,0.36295628626692455,0.0,0.332618646
2030-04-21 01:00:00,0.4067,0.36777852998065763,0.0,0.332466268
2030-04-21 02:00:00,0.3755,0.3685398452611218,0.0,0.33231389
2030-04-21 03:00:00,0.3631,0.3486272727272728,0.0,0.332161512
2030-04-21 04:00:00,0.3393,0.31477814313346225,0.0045,0.332009134
2030-04-21 05:00:00,0.2802,0.25935473887814314,0.0898,0.33185675600000003
2030-04-21 06:00:00,0.3716,0.2720379110251451,0.2445,0.331704378
2030-04-21 07:00:00,0.3967,0.2666441005802708,0.4175,0.331552
2030-04-21 08:00:00,0.39979999999999993,0.2403568665377176,0.5627,0.331399622
2030-04-21 09:00:00,0.4097,0.21772978723404257,0.6533,0.331247244
2030-04-21 10:00:00,0.426,0.19954932301740813,0.6989,0.331094866
2030-04-21 11:00:00,0.45,0.19466073500967115,0.6982,0.33094248800000003
2030-04-21 12:00:00,0.4666,0.19920947775628625,0.6584,0.33079011
2030-04-21 13:00:00,0.4723,0.20766924564796907,0.5825,0.330637732
2030-04-21 14:00:00,0.4693,0.2193806576402321,0.4666,0.330485354
2030-04-21 15:00:00,0.44040000000000007,0.2358926499032882,0.3189,0.330332976
2030-04-21 16:00:00,0.3756,0.2492235976789168,0.1574,0.330180598
2030-04-21 17:00:00,0.2991,0.26254332688588006,0.0272,0.33002822
2030-04-21 18:00:00,0.2874,0.25420116054158604,0.0,0.329875842
2030-04-21 19:00:00,0.3017,0.21200638297872343,0.0,0.32972346399999997
2030-04-21 20:00:00,0.3088,0.1889201160541586,0.0,0.329571086
2030-04-21 21:00:00,0.2997,0.1696411992263056,0.0,0.329418708
2030-04-21 22:00:00,0.2833,0.1549402321083172,0.0,0.32926633
2030-04-21 23:00:00,0.2781,0.14248839458413926,0.0,0.329113952
2030-04-22 00:00:00,0.27409999999999995,0.13042030947775626,0.0,0.328961574
2030-04-22 01:00:00,0.2740000000000001,0.12515241779497097,0.0,0.328877228
2030-04-22 02:00:00,0.2723,0.12302862669245648,0.0,0.32879288100000004
2030-04-22 03:00:00,0.2822,0.12599767891682784,0.0,0.328708535
2030-04-22 04:00:00,0.2827,0.13339477756286267,0.004,0.328624188
2030-04-22 05:00:00,0.2988,0.13174332688588006,0.0767,0.32853984199999997
2030-04-22 06:00:00,0.3463,0.13307214700193423,0.2213,0.328455495
2030-04-22 07:00:00,0.4129,0.15060425531914892,0.3838,0.328371149
2030-04-22 08:00:00,0.4882000000000001,0.16879767891682787,0.5146,0.328286803
2030-04-22 09:00:00,0.5457,0.18772940038684718,0.6003,0.32820245600000003
2030-04-22 10:00:00,0.5766,0.21684429400386848,0.631,0.32811811
2030-04-22 11:00:00,0.5903,0.23633307543520313,0.6241,0.32803376300000003
2030-04-22 12:00:00,0.5929,0.25348568665377175,0.5842,0.32794941699999997
2030-04-22 13:00:00,0.5811000000000001,0.2697241779497098,0.5117,0.32786507
2030-04-22 14:00:00,0.5512,0.2611315280464217,0.4025,0.32778072399999997
2030-04-22 15:00:00,0.4889,0.23718878143133462,0.2709,0.327696378
2030-04-22 16:00:00,0.3817,0.20892243713733075,0.1388,0.327612031
2030-04-22 17:00:00,0.2818,0.18950309477756283,0.0284,0.327527685
2030-04-22 18:00:00,0.26350000000000007,0.17367601547388783,0.0,0.32744333800000003
2030-04-22 19:00:00,0.2612,0.15558839458413926,0.0,0.327358992
2030-04-22 20:00:00,0.2703999999999999,0.13734622823984527,0.0,0.327274645
2030-04-22 21:00:00,0.2717,0.12917330754352033,0.0,0.32719029899999996
2030-04-22 22:00:00,0.28130000000000005,0.1283882011605416,0.0,0.327105952
2030-04-22 23:00:00,0.2885,0.12510038684719535,0.0,0.327021606
2030-04-23 00:00:00,0.29080000000000006,0.11527001934235977,0.0,0.32693726
2030-04-23 01:00:00,0.2839,0.11452379110251451,0.0,0.326954287
2030-04-23 02:00:00,0.2787,0.11460599613152804,0.0,0.326971315
2030-04-23 03:00:00,0.2824,0.11523056092843328,0.0,0.326988343
2030-04-23 04:00:00,0.2775,0.12455338491295938,0.0036,0.32700537
2030-04-23 05:00:00,0.20989999999999998,0.12922591876208897,0.067,0.327022398
2030-04-23 06:00:00,0.19219999999999998,0.11583036750483561,0.1832,0.327039426
2030-04-23 07:00:00,0.2652999999999999,0.10786557059961316,0.3078,0.327056453
2030-04-23 08:00:00,0.2828,0.1078531914893617,0.3779,0.327073481
2030-04-23 09:00:00,0.35680000000000006,0.12394177949709864,0.4069,0.327090509
2030-04-23 10:00:00,0.4077,0.14556402321083173,0.4224,0.32710753600000003
2030-04-23 11:00:00,0.41890000000000005,0.16693152804642164,0.4259,0.327124564
2030-04-23 12:00:00,0.4184,0.1761303675048356,0.4229,0.327141592
2030-04-23 13:00:00,0.4268,0.18322495164410058,0.3846,0.327158619
2030-04-23 14:00:00,0.4184999999999999,0.19395589941972918,0.3149,0.327175647
2030-04-23 15:00:00,0.39759999999999995,0.2483359767891683,0.221,0.327192675
2030-04-23 16:00:00,0.3457,0.34123036750483565,0.1079,0.327209703
2030-04-23 17:00:00,0.251,0.43312379110251453,0.019,0.32722673
2030-04-23 18:00:00,0.25499999999999995,0.4412133462282398,0.0,0.327243758
2030-04-23 19:00:00,0.2506,0.40906750483558996,0.0,0.327260786
2030-04-23 20:00:00,0.2554,0.3335570599613153,0.0,0.32727781300000003
2030-04-23 21:00:00,0.2619,0.3097605415860735,0.0,0.327294841
2030-04-23 22:00:00,0.2834,0.30838588007736945,0.0,0.327311869
2030-04-23 23:00:00,0.26449999999999996,0.30180444874274664,0.0,0.32732889600000004
2030-04-24 00:00:00,0.24780000000000002,0.30422166344294005,0.0,0.327345924
2030-04-24 01:00:00,0.222,0.3042537717601548,0.0,0.32742520199999997
2030-04-24 02:00:00,0.213,0.30587872340425526,0.0,0.32750447899999996
2030-04-24 03:00:00,0.204,0.3066199226305609,0.0,0.327583757
2030-04-24 04:00:00,0.1981,0.2998568665377176,0.0036,0.327663035
2030-04-24 05:00:00,0.18769999999999998,0.2703189555125725,0.0652,0.327742313
2030-04-24 06:00:00,0.2167,0.24203907156673113,0.1826,0.32782159
2030-04-24 07:00:00,0.3283,0.27318588007736944,0.3247,0.327900868
2030-04-24 08:00:00,0.4466,0.2869160541586073,0.446,0.32798014600000003
2030-04-24 09:00:00,0.5343,0.28971682785299807,0.5383,0.328059424
2030-04-24 10:00:00,0.597,0.29774119922630565,0.601,0.32813870100000003
2030-04-24 11:00:00,0.6347,0.31771121856866535,0.6177,0.328217979
2030-04-24 12:00:00,0.6533,0.3607765957446808,0.5905,0.328297257
2030-04-24 13:00:00,0.651,0.4237814313346228,0.5326,0.328376535
2030-04-24 14:00:00,0.6265999999999999,0.471280077369439,0.4245,0.328455812
2030-04-24 15:00:00,0.571,0.47773172147001935,0.2907,0.32853509
2030-04-24 16:00:00,0.4689,0.41247369439071563,0.1447,0.328614368
2030-04-24 17:00:00,0.347,0.35798762088974856,0.0277,0.328693645
2030-04-24 18:00:00,0.288,0.3256224371373308,0.0,0.328772923
2030-04-24 19:00:00,0.2963,0.2778303675048356,0.0,0.328852201
2030-04-24 20:00:00,0.31980000000000003,0.2337340425531915,0.0,0.32893147899999997
2030-04-24 21:00:00,0.3313,0.20336537717601547,0.0,0.329010756
2030-04-24 22:00:00,0.3877,0.18291257253384913,0.0,0.329090034
2030-04-24 23:00:00,0.3923,0.18046208897485494,0.0,0.329169312
2030-04-25 00:00:00,0.45239999999999997,0.20611121856866538,0.0,0.32924859
2030-04-25 01:00:00,0.511,0.21734642166344292,0.0,0.32950844
2030-04-25 02:00:00,0.4306,0.2137025145067698,0.0,0.32976829
2030-04-25 03:00:00,0.3563,0.21292243713733072,0.0,0.330028141
2030-04-25 04:00:00,0.3077,0.19989651837524178,0.0065,0.330287991
2030-04-25 05:00:00,0.2909,0.1542533849129594,0.1002,0.330547842
2030-04-25 06:00:00,0.30739999999999995,0.13203268858800773,0.2735,0.330807692
2030-04-25 07:00:00,0.2177,0.13083597678916828,0.4503,0.331067542
2030-04-25 08:00:00,0.13529999999999998,0.13664719535783365,0.5821,0.331327393
2030-04-25 09:00:00,0.0869,0.13378297872340425,0.6701,0.33158724300000003
2030-04-25 10:00:00,0.0627,0.12791876208897485,0.7157,0.331847094
2030-04-25 11:00:00,0.0575,0.12050831721470018,0.7224,0.33210694399999996
2030-04-25 12:00:00,0.07479999999999999,0.11761392649903289,0.6913,0.33236679399999997
2030-04-25 13:00:00,0.10510000000000001,0.1149816247582205,0.6182,0.332626645
2030-04-25 14:00:00,0.1306,0.11093520309477757,0.501,0.332886495
2030-04-25 15:00:00,0.1322,0.10265918762088974,0.3477,0.33314634600000004
2030-04-25 16:00:00,0.1202,0.09905106382978723,0.1743,0.333406196
2030-04-25 17:00:00,0.1025,0.09416885880077369,0.0367,0.333666046
2030-04-25 18:00:00,0.0857,0.08041624758220504,0.0,0.33392589699999997
2030-04-25 19:00:00,0.05959999999999999,0.07478201160541587,0.0,0.334185747
2030-04-25 20:00:00,0.0483,0.08333636363636363,0.0,0.334445598
2030-04-25 21:00:00,0.0509,0.09152495164410057,0.0,0.334705448
2030-04-25 22:00:00,0.0578,0.09560038684719535,0.0,0.334965298
2030-04-25 23:00:00,0.0674,0.09381798839458413,0.0,0.335225149
2030-04-26 00:00:00,0.0764,0.0877495164410058,0.0,0.335484999
2030-04-26 01:00:00,0.0817,0.08095996131528045,0.0,0.335623438
2030-04-26 02:00:00,0.0865,0.07854970986460348,0.0,0.33576187700000004
2030-04-26 03:00:00,0.09219999999999999,0.07689458413926499,0.0,0.33590031600000003
2030-04-26 04:00:00,0.0916,0.07783288201160543,0.0097,0.336038755
2030-04-26 05:00:00,0.0602,0.07831083172147002,0.1094,0.336177194
2030-04-26 06:00:00,0.0266,0.07011856866537718,0.2761,0.33631563299999995
2030-04-26 07:00:00,0.0154,0.06092282398452611,0.445,0.33645407200000005
2030-04-26 08:00:00,0.0141,0.05671315280464217,0.5752,0.33659251100000004
2030-04-26 09:00:00,0.0175,0.061102321083172144,0.6655,0.336730951
2030-04-26 10:00:00,0.024299999999999995,0.060765183752417795,0.7133,0.33686939
2030-04-26 11:00:00,0.0356,0.0504495164410058,0.7184,0.337007829
2030-04-26 12:00:00,0.051,0.03574835589941973,0.6852,0.33714626799999997
2030-04-26 13:00:00,0.06830000000000001,0.02643442940038685,0.6116,0.337284707
2030-04-26 14:00:00,0.0779,0.04907775628626692,0.4975,0.337423146
2030-04-26 15:00:00,0.0784,0.10603268858800775,0.3473,0.337561585
2030-04-26 16:00:00,0.0735,0.09584429400386849,0.1788,0.337700024
2030-04-26 17:00:00,0.0699,0.06059574468085106,0.0413,0.337838463
2030-04-26 18:00:00,0.0563,0.03778839458413927,0.0001,0.337976902
2030-04-26 19:00:00,0.0514,0.03734023210831721,0.0,0.338115341
2030-04-26 20:00:00,0.057,0.04680580270793036,0.0,0.33825378
2030-04-26 21:00:00,0.0587,0.06378181818181818,0.0,0.338392219
2030-04-26 22:00:00,0.0632,0.08510618955512574,0.0,0.338530658
2030-04-26 23:00:00,0.0713,0.10634158607350098,0.0,0.33866909700000003
2030-04-27 00:00:00,0.07220000000000001,0.1289218568665377,0.0,0.338807536
2030-04-27 01:00:00,0.0662,0.1570166344294004,0.0,0.339080454
2030-04-27 02:00:00,0.0538,0.18939206963249516,0.0,0.33935337200000004
2030-04-27 03:00:00,0.0406,0.21155164410058025,0.0,0.339626291
2030-04-27 04:00:00,0.030700000000000005,0.2171419729206963,0.0103,0.339899209
2030-04-27 05:00:00,0.0227,0.19666943907156675,0.1091,0.34017212700000005
2030-04-27 06:00:00,0.0126,0.12104042553191491,0.2671,0.340445045
2030-04-27 07:00:00,0.0219,0.05960174081237911,0.4287,0.34071796299999996
2030-04-27 08:00:00,0.0314,0.0378926499032882,0.5589,0.340990881
2030-04-27 09:00:00,0.032,0.03185976789168279,0.6499,0.3412638
2030-04-27 10:00:00,0.0314,0.03210174081237911,0.6967,0.34153671799999996
2030-04-27 11:00:00,0.0335,0.03347292069632495,0.7026,0.34180963600000003
2030-04-27 12:00:00,0.038,0.03575357833655706,0.668,0.342082554
2030-04-27 13:00:00,0.0459,0.04165280464216635,0.593,0.34235547200000005
2030-04-27 14:00:00,0.05109999999999999,0.05155647969052224,0.4806,0.34262839
2030-04-27 15:00:00,0.0582,0.0649588007736944,0.3348,0.34290130799999996
2030-04-27 16:00:00,0.07259999999999998,0.07213655705996132,0.1724,0.34317422700000005
2030-04-27 17:00:00,0.09140000000000001,0.07659052224371374,0.0389,0.343447145
2030-04-27 18:00:00,0.08420000000000001,0.07433984526112186,0.0001,0.34372006299999996
2030-04-27 19:00:00,0.08019999999999998,0.06562533849129594,0.0,0.34399298100000003
2030-04-27 20:00:00,0.07330000000000002,0.06160599613152805,0.0,0.344265899
2030-04-27 21:00:00,0.062199999999999984,0.06684506769825918,0.0,0.34453881700000005
2030-04-27 22:00:00,0.0515,0.07854661508704061,0.0,0.34481173600000004
2030-04-27 23:00:00,0.052199999999999996,0.09230077369439071,0.0,0.345084654
2030-04-28 00:00:00,0.0564,0.10549284332688587,0.0,0.34535757200000006
2030-04-28 01:00:00,0.06060000000000001,0.11692243713733076,0.0,0.346281106
2030-04-28 02:00:00,0.0648,0.122863249516441,0.0,0.34720464
2030-04-28 03:00:00,0.0657,0.12393172147001935,0.0,0.348128174
2030-04-28 04:00:00,0.064,0.12408375241779497,0.0113,0.34905170799999996
2030-04-28 05:00:00,0.048,0.1053889748549323,0.1145,0.349975243
2030-04-28 06:00:00,0.04479999999999999,0.07445531914893616,0.2744,0.35089877700000005
2030-04-28 07:00:00,0.047499999999999994,0.04981586073500966,0.4329,0.351822311
2030-04-28 08:00:00,0.0494,0.040165183752417795,0.5586,0.352745845
2030-04-28 09:00:00,0.053,0.029132688588007733,0.6456,0.353669379
2030-04-28 10:00:00,0.0638,0.025458607350096713,0.6845,0.35459291299999995
2030-04-28 11:00:00,0.07849999999999999,0.027884526112185688,0.6816,0.355516447
2030-04-28 12:00:00,0.0954,0.02972243713733076,0.6434,0.356439981
2030-04-28 13:00:00,0.1173,0.030597872340425533,0.5746,0.357363516
2030-04-28 14:00:00,0.1322,0.03211450676982592,0.4637,0.35828705
2030-04-28 15:00:00,0.14,0.039940618955512576,0.3174,0.359210584
2030-04-28 16:00:00,0.13969999999999996,0.052593617021276594,0.164,0.36013411799999995
2030-04-28 17:00:00,0.16589999999999996,0.07762533849129594,0.0393,0.361057652
2030-04-28 18:00:00,0.1931,0.10313017408123791,0.0001,0.361981186
2030-04-28 19:00:00,0.1705,0.11144661508704061,0.0,0.36290472
2030-04-28 20:00:00,0.1273,0.16572998065764022,0.0,0.36382825399999996
2030-04-28 21:00:00,0.1152,0.2651098646034816,0.0,0.364751789
2030-04-28 22:00:00,0.11899999999999998,0.2769417794970987,0.0,0.365675323
2030-04-28 23:00:00,0.1219,0.20494023210831722,0.0,0.36659885700000006
2030-04-29 00:00:00,0.1054,0.20155377176015474,0.0,0.367522391
2030-04-29 01:00:00,0.0756,0.25963829787234044,0.0,0.369143031
2030-04-29 02:00:00,0.05109999999999999,0.30540154738878145,0.0,0.37076367
2030-04-29 03:00:00,0.0491,0.28310444874274665,0.0,0.37238431
2030-04-29 04:00:00,0.0505,0.2515543520309478,0.0074,0.37400495
2030-04-29 05:00:00,0.0291,0.18179342359767892,0.0739,0.375625589
2030-04-29 06:00:00,0.0193,0.08476827852998065,0.1722,0.377246229
2030-04-29 07:00:00,0.0695,0.12435377176015475,0.2633,0.378866869
2030-04-29 08:00:00,0.0958,0.1723713733075435,0.3377,0.380487508
2030-04-29 09:00:00,0.1007,0.11609381044487428,0.3916,0.382108148
2030-04-29 10:00:00,0.0998,0.0822823984526112,0.4225,0.383728787
2030-04-29 11:00:00,0.1058,0.05275938104448743,0.4239,0.385349427
2030-04-29 12:00:00,0.1088,0.028332688588007738,0.3881,0.38697006700000003
2030-04-29 13:00:00,0.1064,0.02462301740812379,0.3327,0.388590706
2030-04-29 14:00:00,0.0897,0.024326305609284338,0.2579,0.390211346
2030-04-29 15:00:00,0.0634,0.01897195357833656,0.1688,0.391831986
2030-04-29 16:00:00,0.0514,0.015279303675048357,0.0837,0.393452625
2030-04-29 17:00:00,0.0562,0.012198646034816248,0.0201,0.395073265
2030-04-29 18:00:00,0.0582,0.008388394584139265,0.0002,0.396693905
2030-04-29 19:00:00,0.0576,0.006129980657640232,0.0,0.398314544
2030-04-29 20:00:00,0.06,0.005888007736943907,0.0,0.399935184
2030-04-29 21:00:00,0.0719,0.0048168278529980655,0.0,0.401555824
2030-04-29 22:00:00,0.0962,0.005997098646034816,0.0,0.403176463
2030-04-29 23:00:00,0.1219,0.007179883945841393,0.0,0.404797103
2030-04-30 00:00:00,0.1278,0.008247388781431336,0.0,0.406417742
2030-04-30 01:00:00,0.1164,0.009609864603481627,0.0,0.407640726
2030-04-30 02:00:00,0.1093,0.011023791102514507,0.0,0.40886371
2030-04-30 03:00:00,0.0957,0.013627852998065763,0.0,0.410086694
2030-04-30 04:00:00,0.08019999999999998,0.019538491295938105,0.0053,0.41130967799999996
2030-04-30 05:00:00,0.056900000000000006,0.028068858800773692,0.0687,0.412532661
2030-04-30 06:00:00,0.0325,0.03188529980657641,0.1757,0.413755645
2030-04-30 07:00:00,0.022,0.03507717601547389,0.2948,0.414978629
2030-04-30 08:00:00,0.0328,0.04472785299806576,0.399,0.41620161299999997
2030-04-30 09:00:00,0.04479999999999999,0.05207388781431334,0.4716,0.417424597
2030-04-30 10:00:00,0.0519,0.05747659574468084,0.5068,0.41864758
2030-04-30 11:00:00,0.0575,0.057455512572533854,0.5158,0.419870564
2030-04-30 12:00:00,0.0637,0.05413578336557061,0.5087,0.421093548
2030-04-30 13:00:00,0.06830000000000001,0.05302030947775629,0.4463,0.422316532
2030-04-30 14:00:00,0.0689,0.05599941972920695,0.3632,0.423539516
2030-04-30 15:00:00,0.06850000000000002,0.06774545454545454,0.2588,0.42476249899999996
2030-04-30 16:00:00,0.0725,0.0834576402321083,0.1363,0.42598548299999994
2030-04-30 17:00:00,0.07830000000000001,0.09459284332688586,0.0302,0.42720846700000004
2030-04-30 18:00:00,0.07849999999999999,0.08388143133462282,0.0,0.428431451
2030-04-30 19:00:00,0.0901,0.06256324951644102,0.0,0.429654435
2030-04-30 20:00:00,0.0967,0.05949864603481625,0.0,0.43087741799999996
2030-04-30 21:00:00,0.0986,0.07281547388781431,0.0,0.43210040200000005
2030-04-30 22:00:00,0.0865,0.07682340425531915,0.0,0.43332338600000003
2030-04-30 23:00:00,0.07220000000000001,0.08318607350096711,0.0,0.43454637
2030-05-01 00:00:00,0.0476,0.0939990328820116,0.0,0.435769354
2030-05-01 01:00:00,0.0259,0.0895365570599613,0.0,0.437404487
2030-05-01 02:00:00,0.0183,0.06514835589941972,0.0,0.43903962
2030-05-01 03:00:00,0.0199,0.05006208897485493,0.0,0.440674753
2030-05-01 04:00:00,0.0192,0.060089941972920696,0.0083,0.442309885
2030-05-01 05:00:00,0.008799999999999999,0.09971218568665378,0.0877,0.44394501799999997
2030-05-01 06:00:00,0.0013,0.08900077369439072,0.2211,0.44558015100000004
2030-05-01 07:00:00,0.0134,0.05005764023210832,0.3535,0.447215284
2030-05-01 08:00:00,0.0295,0.03518336557059961,0.4671,0.44885041700000006
2030-05-01 09:00:00,0.0324,0.031510638297872345,0.5396,0.45048555
2030-05-01 10:00:00,0.0375,0.03287117988394584,0.5552,0.45212068299999997
2030-05-01 11:00:00,0.05170000000000001,0.036815667311412,0.5416,0.45375581600000003
2030-05-01 12:00:00,0.06460000000000002,0.04527756286266924,0.5181,0.455390949
2030-05-01 13:00:00,0.0823,0.04765822050290136,0.4456,0.45702608200000006
2030-05-01 14:00:00,0.1157,0.04813965183752419,0.345,0.458661215
2030-05-01 15:00:00,0.1427,0.045494777562862666,0.2397,0.46029634799999997
2030-05-01 16:00:00,0.1576,0.04126228239845261,0.1217,0.46193148100000003
2030-05-01 17:00:00,0.1631,0.048606382978723404,0.024,0.463566614
2030-05-01 18:00:00,0.1618,0.043312765957446805,0.0,0.46520174700000005
2030-05-01 19:00:00,0.14100000000000001,0.03678878143133462,0.0,0.46683688
2030-05-01 20:00:00,0.13590000000000002,0.03875531914893617,0.0,0.46847201299999996
2030-05-01 21:00:00,0.1534,0.04372437137330755,0.0,0.47010714600000003
2030-05-01 22:00:00,0.16589999999999996,0.050117794970986465,0.0,0.471742279
2030-05-01 23:00:00,0.15550000000000003,0.0607284332688588,0.0,0.47337741200000005
2030-05-02 00:00:00,0.1253,0.08023191489361702,0.0,0.475012545
2030-05-02 01:00:00,0.0839,0.1096551257253385,0.0,0.476560005
2030-05-02 02:00:00,0.0503,0.13898549323017406,0.0,0.478107465
2030-05-02 03:00:00,0.0296,0.16225009671179882,0.0,0.47965492600000004
2030-05-02 04:00:00,0.0161,0.16768162475822054,0.011,0.48120238600000004
2030-05-02 05:00:00,0.009300000000000001,0.13930580270793036,0.1019,0.48274984600000004
2030-05-02 06:00:00,0.004200000000000001,0.08859458413926498,0.2565,0.48429730600000004
2030-05-02 07:00:00,0.0,0.04240444874274661,0.4185,0.48584476600000004
2030-05-02 08:00:00,0.0021000000000000003,0.016654738878143133,0.5495,0.487392227
2030-05-02 09:00:00,0.0129,0.014110831721470018,0.6409,0.488939687
2030-05-02 10:00:00,0.030399999999999996,0.0197678916827853,0.6849,0.490487147
2030-05-02 11:00:00,0.0526,0.027820889748549325,0.6865,0.492034607
2030-05-02 12:00:00,0.0773,0.03952901353965183,0.6454,0.493582067
2030-05-02 13:00:00,0.10450000000000001,0.05614448742746616,0.5701,0.495129528
2030-05-02 14:00:00,0.1208,0.07351798839458414,0.4645,0.496676988
2030-05-02 15:00:00,0.1077,0.07673191489361703,0.3282,0.498224448
2030-05-02 16:00:00,0.0784,0.0785458413926499,0.1762,0.499771908
2030-05-02 17:00:00,0.0659,0.08141083172147001,0.0457,0.501319368
2030-05-02 18:00:00,0.055600000000000004,0.10767040618955512,0.0003,0.502866829
2030-05-02 19:00:00,0.0365,0.17251392649903288,0.0,0.504414289
2030-05-02 20:00:00,0.0235,0.229463249516441,0.0,0.505961749
2030-05-02 21:00:00,0.0198,0.25211702127659574,0.0,0.507509209
2030-05-02 22:00:00,0.022,0.26854023210831723,0.0,0.509056669
2030-05-02 23:00:00,0.0283,0.27981818181818185,0.0,0.51060413
2030-05-03 00:00:00,0.03409999999999999,0.2685882011605416,0.0,0.51215159
2030-05-03 01:00:00,0.036,0.25763771760154736,0.0,0.5132132460000001
2030-05-03 02:00:00,0.035,0.26818916827853,0.0,0.514274903
2030-05-03 03:00:00,0.0295,0.2793346228239846,0.0,0.515336559
2030-05-03 04:00:00,0.0233,0.2738442940038685,0.0121,0.516398215
2030-05-03 05:00:00,0.013900000000000001,0.20109825918762086,0.1069,0.517459872
2030-05-03 06:00:00,0.0102,0.12642533849129595,0.2638,0.518521528
2030-05-03 07:00:00,0.0177,0.08591953578336557,0.4265,0.519583184
2030-05-03 08:00:00,0.0317,0.07817234042553192,0.5526,0.520644841
2030-05-03 09:00:00,0.0441,0.07087098646034816,0.6381,0.521706497
2030-05-03 10:00:00,0.0477,0.0563458413926499,0.6819,0.522768154
2030-05-03 11:00:00,0.0479,0.0441046421663443,0.6861,0.52382981
2030-05-03 12:00:00,0.0548,0.04301856866537718,0.6577,0.524891466
2030-05-03 13:00:00,0.073,0.055204448742746624,0.5925,0.525953123
2030-05-03 14:00:00,0.09790000000000001,0.08163713733075434,0.4861,0.5270147789999999
2030-05-03 15:00:00,0.1195,0.1146183752417795,0.3453,0.528076435
2030-05-03 16:00:00,0.14,0.14588201160541586,0.1851,0.5291380920000001
2030-05-03 17:00:00,0.15589999999999998,0.18436499032882012,0.0494,0.5301997479999999
2030-05-03 18:00:00,0.16290000000000002,0.2383800773694391,0.0005,0.531261405
2030-05-03 19:00:00,0.1409,0.2787328820116054,0.0,0.532323061
2030-05-03 20:00:00,0.12209999999999999,0.29343230174081236,0.0,0.533384717
2030-05-03 21:00:00,0.131,0.2848675048355899,0.0,0.534446374
2030-05-03 22:00:00,0.1453,0.26771992263056094,0.0,0.53550803
2030-05-03 23:00:00,0.16290000000000002,0.2520125725338491,0.0,0.536569686
2030-05-04 00:00:00,0.17950000000000002,0.23718413926499032,0.0,0.5376313429999999
2030-05-04 01:00:00,0.19170000000000004,0.23140657640232112,0.0,0.5379451270000001
2030-05-04 02:00:00,0.1959,0.23536344294003872,0.0,0.538258912
2030-05-04 03:00:00,0.1919,0.23158704061895552,0.0,0.538572697
2030-05-04 04:00:00,0.1702,0.22562224371373307,0.0148,0.538886481
2030-05-04 05:00:00,0.1325,0.1869441005802708,0.1139,0.539200266
2030-05-04 06:00:00,0.1185,0.12925899419729206,0.2698,0.53951405
2030-05-04 07:00:00,0.0878,0.06715415860735009,0.4293,0.539827835
2030-05-04 08:00:00,0.06259999999999999,0.029882785299806577,0.5502,0.54014162
2030-05-04 09:00:00,0.0577,0.029352611218568664,0.6343,0.540455404
2030-05-04 10:00:00,0.0658,0.0455394584139265,0.674,0.540769189
2030-05-04 11:00:00,0.0855,0.06691779497098646,0.6755,0.541082973
2030-05-04 12:00:00,0.1179,0.0873073500967118,0.639,0.541396758
2030-05-04 13:00:00,0.168,0.1053117988394584,0.5659,0.541710543
2030-05-04 14:00:00,0.2211,0.12068878143133463,0.4627,0.542024327
2030-05-04 15:00:00,0.2564,0.13959593810444873,0.3302,0.542338112
2030-05-04 16:00:00,0.2715,0.16502707930367505,0.1742,0.542651896
2030-05-04 17:00:00,0.2312,0.19789090909090906,0.0445,0.542965681
2030-05-04 18:00:00,0.2153,0.21980909090909093,0.0002,0.543279466
2030-05-04 19:00:00,0.2122,0.21032978723404255,0.0,0.54359325
2030-05-04 20:00:00,0.20879999999999999,0.18768336557059964,0.0,0.543907035
2030-05-04 21:00:00,0.2164,0.17301779497098643,0.0,0.544220819
2030-05-04 22:00:00,0.23200000000000004,0.17505609284332688,0.0,0.544534604
2030-05-04 23:00:00,0.24469999999999997,0.1913468085106383,0.0,0.544848389
2030-05-05 00:00:00,0.2529,0.19785705996131528,0.0,0.5451621729999999
2030-05-05 01:00:00,0.2597,0.18985454545454547,0.0,0.545071491
2030-05-05 02:00:00,0.261,0.16907949709864603,0.0,0.544980809
2030-05-05 03:00:00,0.2518000000000001,0.146705415860735,0.0,0.544890126
2030-05-05 04:00:00,0.2315,0.12419148936170213,0.013,0.544799444
2030-05-05 05:00:00,0.17809999999999998,0.08764177949709864,0.1016,0.5447087620000001
2030-05-05 06:00:00,0.1912,0.0757752417794971,0.2358,0.544618079
2030-05-05 07:00:00,0.1898,0.11274970986460348,0.3826,0.5445273970000001
2030-05-05 08:00:00,0.2028,0.1394947775628627,0.5177,0.544436715
2030-05-05 09:00:00,0.2293,0.1535330754352031,0.5946,0.544346032
2030-05-05 10:00:00,0.2633,0.16721566731141202,0.6117,0.54425535
2030-05-05 11:00:00,0.30950000000000005,0.18903578336557061,0.5941,0.544164668
2030-05-05 12:00:00,0.35619999999999996,0.23075222437137333,0.5599,0.544073985
2030-05-05 13:00:00,0.39759999999999995,0.2712636363636364,0.488,0.543983303
2030-05-05 14:00:00,0.4301,0.2667856866537718,0.3885,0.543892621
2030-05-05 15:00:00,0.4131,0.2105806576402321,0.2789,0.543801938
2030-05-05 16:00:00,0.35680000000000006,0.15643288201160543,0.1482,0.543711256
2030-05-05 17:00:00,0.2598,0.12246170212765958,0.0378,0.543620574
2030-05-05 18:00:00,0.19989999999999997,0.10010154738878142,0.0003,0.543529891
2030-05-05 19:00:00,0.192,0.0818808510638298,0.0,0.543439209
2030-05-05 20:00:00,0.19840000000000002,0.07979477756286267,0.0,0.543348527
2030-05-05 21:00:00,0.221,0.0885191489361702,0.0,0.543257844
2030-05-05 22:00:00,0.2369,0.09384526112185687,0.0,0.543167162
2030-05-05 23:00:00,0.2443,0.09428104448742745,0.0,0.54307648
2030-05-06 00:00:00,0.24720000000000003,0.09316711798839457,0.0,0.542985797
2030-05-06 01:00:00,0.2316,0.0997137330754352,0.0,0.542231748
2030-05-06 02:00:00,0.2319,0.10539090909090909,0.0,0.541477699
2030-05-06 03:00:00,0.28959999999999997,0.09497794970986459,0.0,0.54072365
2030-05-06 04:00:00,0.3204,0.1013119922630561,0.0076,0.5399695999999999
2030-05-06 05:00:00,0.2529,0.08976112185686654,0.0564,0.539215551
2030-05-06 06:00:00,0.1812,0.1087357833655706,0.1252,0.538461502
2030-05-06 07:00:00,0.13440000000000002,0.10162088974854931,0.213,0.537707453
2030-05-06 08:00:00,0.1413,0.07698317214700193,0.2951,0.5369534029999999
2030-05-06 09:00:00,0.2189,0.07829922630560929,0.3558,0.536199354
2030-05-06 10:00:00,0.2972,0.09230754352030947,0.4012,0.535445305
2030-05-06 11:00:00,0.3219,0.11135609284332688,0.3987,0.534691256
2030-05-06 12:00:00,0.294,0.11546054158607351,0.3652,0.533937206
2030-05-06 13:00:00,0.22959999999999997,0.12047601547388782,0.3185,0.5331831570000001
2030-05-06 14:00:00,0.1457,0.12430135396518376,0.2478,0.532429108
2030-05-06 15:00:00,0.1164,0.1283506769825919,0.1756,0.531675059
2030-05-06 16:00:00,0.1077,0.12290096711798841,0.0949,0.5309210089999999
2030-05-06 17:00:00,0.0887,0.13152340425531917,0.0236,0.53016696
2030-05-06 18:00:00,0.0975,0.16302727272727274,0.0003,0.529412911
2030-05-06 19:00:00,0.11309999999999999,0.1904085106382979,0.0,0.528658861
2030-05-06 20:00:00,0.1272,0.1896669245647969,0.0,0.5279048120000001
2030-05-06 21:00:00,0.1524,0.16839690522243714,0.0,0.527150763
2030-05-06 22:00:00,0.1714,0.15406208897485496,0.0,0.526396714
2030-05-06 23:00:00,0.1815,0.10516769825918762,0.0,0.525642664
2030-05-07 00:00:00,0.2082,0.07155338491295937,0.0,0.524888615
2030-05-07 01:00:00,0.2178,0.06660483558994197,0.0,0.5242432260000001
2030-05-07 02:00:00,0.1982,0.09150058027079304,0.0,0.5235978370000001
2030-05-07 03:00:00,0.1901,0.12483423597678915,0.0,0.5229524489999999
2030-05-07 04:00:00,0.1973,0.14933694390715666,0.0099,0.52230706
2030-05-07 05:00:00,0.2619,0.15311392649903288,0.0907,0.521661671
2030-05-07 06:00:00,0.4124,0.12624893617021277,0.2244,0.521016282
2030-05-07 07:00:00,0.48639999999999994,0.09831315280464219,0.3671,0.520370893
2030-05-07 08:00:00,0.4836,0.07041237911025144,0.4865,0.519725504
2030-05-07 09:00:00,0.4505,0.0752798839458414,0.5658,0.519080115
2030-05-07 10:00:00,0.4195,0.09825822050290135,0.6015,0.5184347260000001
2030-05-07 11:00:00,0.3958,0.11514003868471953,0.6023,0.5177893379999999
2030-05-07 12:00:00,0.3777,0.12605106382978723,0.571,0.5171439489999999
2030-05-07 13:00:00,0.3538,0.12256189555125725,0.503,0.51649856
2030-05-07 14:00:00,0.32270000000000004,0.1111733075435203,0.4028,0.515853171
2030-05-07 15:00:00,0.269,0.09494061895551259,0.2785,0.5152077820000001
2030-05-07 16:00:00,0.2133,0.08137079303675049,0.1461,0.514562393
2030-05-07 17:00:00,0.1591,0.08127582205029014,0.0416,0.513917004
2030-05-07 18:00:00,0.1311,0.11766208897485493,0.0007,0.513271615
2030-05-07 19:00:00,0.12230000000000003,0.1660725338491296,0.0,0.512626227
2030-05-07 20:00:00,0.1209,0.2363009671179884,0.0,0.5119808379999999
2030-05-07 21:00:00,0.1214,0.2840762088974855,0.0,0.5113354489999999
2030-05-07 22:00:00,0.1179,0.3043212765957447,0.0,0.51069006
2030-05-07 23:00:00,0.1065,0.3089187620889749,0.0,0.5100446710000001
2030-05-08 00:00:00,0.09219999999999999,0.3031920696324952,0.0,0.5093992820000001
2030-05-08 01:00:00,0.0734,0.29698143133462285,0.0,0.509022297
2030-05-08 02:00:00,0.0547,0.2808499032882012,0.0,0.5086453120000001
2030-05-08 03:00:00,0.041499999999999995,0.2650603481624758,0.0,0.508268327
2030-05-08 04:00:00,0.028699999999999996,0.24457330754352033,0.0149,0.5078913420000001
2030-05-08 05:00:00,0.0189,0.18752901353965185,0.1135,0.507514357
2030-05-08 06:00:00,0.0228,0.17637562862669245,0.2708,0.507137372
2030-05-08 07:00:00,0.029799999999999997,0.13713733075435205,0.4295,0.506760387
2030-05-08 08:00:00,0.0366,0.09993481624758221,0.551,0.506383402
2030-05-08 09:00:00,0.0456,0.07476963249516441,0.6198,0.506006417
2030-05-08 10:00:00,0.0503,0.05896073500967118,0.6532,0.505629432
2030-05-08 11:00:00,0.0512,0.052830754352030954,0.6506,0.505252447
2030-05-08 12:00:00,0.05739999999999999,0.050491682785299814,0.6127,0.504875462
2030-05-08 13:00:00,0.0736,0.05444390715667312,0.5339,0.5044984770000001
2030-05-08 14:00:00,0.09250000000000001,0.06976885880077369,0.4189,0.504121492
2030-05-08 15:00:00,0.1041,0.08783617021276595,0.2844,0.5037445070000001
2030-05-08 16:00:00,0.10340000000000002,0.0998541586073501,0.1455,0.503367522
2030-05-08 17:00:00,0.0936,0.11766305609284333,0.0352,0.5029905370000001
2030-05-08 18:00:00,0.072,0.14531508704061896,0.0002,0.502613552
2030-05-08 19:00:00,0.037,0.15080232108317215,0.0,0.5022365670000001
2030-05-08 20:00:00,0.018,0.13816228239845263,0.0,0.501859582
2030-05-08 21:00:00,0.0189,0.1323247582205029,0.0,0.501482597
2030-05-08 22:00:00,0.03,0.13596208897485493,0.0,0.501105612
2030-05-08 23:00:00,0.0382,0.1428100580270793,0.0,0.500728627
2030-05-09 00:00:00,0.0418,0.15265183752417796,0.0,0.500351642
2030-05-09 01:00:00,0.045700000000000005,0.1618257253384913,0.0,0.500102087
2030-05-09 02:00:00,0.0477,0.17023617021276594,0.0,0.499852532
2030-05-09 03:00:00,0.04100000000000001,0.1755288201160542,0.0,0.499602978
2030-05-09 04:00:00,0.0371,0.1698437137330754,0.0173,0.49935342299999996
2030-05-09 05:00:00,0.0267,0.1286990328820116,0.1132,0.499103869
2030-05-09 06:00:00,0.0164,0.0778649903288201,0.249,0.49885431399999997
2030-05-09 07:00:00,0.030300000000000004,0.05605125725338491,0.3913,0.498604759
2030-05-09 08:00:00,0.038,0.04839303675048356,0.5101,0.498355205
2030-05-09 09:00:00,0.0447,0.04300328820116055,0.5943,0.49810565
2030-05-09 10:00:00,0.0505,0.03919961315280464,0.6375,0.497856096
2030-05-09 11:00:00,0.0578,0.03798974854932302,0.6323,0.497606541
2030-05-09 12:00:00,0.066,0.04121605415860735,0.584,0.497356986
2030-05-09 13:00:00,0.0721,0.0494431334622824,0.5033,0.497107432
2030-05-09 14:00:00,0.07479999999999999,0.06121914893617021,0.4015,0.496857877
2030-05-09 15:00:00,0.071,0.07057543520309478,0.2855,0.49660832299999996
2030-05-09 16:00:00,0.07220000000000001,0.08320290135396519,0.1559,0.49635876799999995
2030-05-09 17:00:00,0.0745,0.09750773694390716,0.0439,0.49610921399999997
2030-05-09 18:00:00,0.063,0.09547814313346227,0.0008,0.495859659
2030-05-09 19:00:00,0.03610000000000001,0.08158646034816247,0.0,0.495610104
2030-05-09 20:00:00,0.0184,0.07436634429400386,0.0,0.49536055
2030-05-09 21:00:00,0.0113,0.0831321083172147,0.0,0.495110995
2030-05-09 22:00:00,0.011,0.11122862669245649,0.0,0.494861441
2030-05-09 23:00:00,0.0151,0.14031528046421665,0.0,0.494611886
2030-05-10 00:00:00,0.02,0.1675858800773694,0.0,0.494362331
2030-05-10 01:00:00,0.0232,0.19189729206963252,0.0,0.49350453200000005
2030-05-10 02:00:00,0.026099999999999998,0.21381276595744678,0.0,0.49264673299999995
2030-05-10 03:00:00,0.0317,0.22321721470019343,0.0,0.491788933
2030-05-10 04:00:00,0.039700000000000006,0.20441508704061895,0.0219,0.490931134
2030-05-10 05:00:00,0.0329,0.14172050290135396,0.1325,0.490073335
2030-05-10 06:00:00,0.0619,0.0877487427466151,0.2886,0.489215535
2030-05-10 07:00:00,0.0789,0.07367891682785299,0.4398,0.48835773600000004
2030-05-10 08:00:00,0.0878,0.06344738878143134,0.5589,0.48749993700000005
2030-05-10 09:00:00,0.0973,0.05297369439071566,0.6394,0.48664213700000003
2030-05-10 10:00:00,0.11419999999999998,0.04449825918762089,0.6827,0.485784338
2030-05-10 11:00:00,0.1282,0.04102862669245648,0.689,0.484926539
2030-05-10 12:00:00,0.1317,0.04025203094777563,0.6561,0.48406873899999997
2030-05-10 13:00:00,0.1447,0.04025647969052225,0.5865,0.48321094
2030-05-10 14:00:00,0.1747,0.04707117988394584,0.4785,0.48235314100000004
2030-05-10 15:00:00,0.19580000000000003,0.05696982591876208,0.3384,0.481495341
2030-05-10 16:00:00,0.1901,0.0656294003868472,0.1837,0.48063754200000003
2030-05-10 17:00:00,0.159,0.07111740812379111,0.0525,0.479779743
2030-05-10 18:00:00,0.1376,0.07839922630560928,0.0011,0.47892194299999996
2030-05-10 19:00:00,0.0908,0.07243056092843328,0.0,0.47806414399999997
2030-05-10 20:00:00,0.0593,0.06472611218568665,0.0,0.477206344
2030-05-10 21:00:00,0.055600000000000004,0.06826518375241779,0.0,0.476348545
2030-05-10 22:00:00,0.0664,0.08453210831721471,0.0,0.475490746
2030-05-10 23:00:00,0.0793,0.10235744680851065,0.0,0.474632946
2030-05-11 00:00:00,0.08959999999999999,0.11690174081237913,0.0,0.473775147
2030-05-11 01:00:00,0.0963,0.12552882011605415,0.0,0.472285581
2030-05-11 02:00:00,0.1038,0.13081315280464217,0.0,0.470796015
2030-05-11 03:00:00,0.12370000000000002,0.1373649903288201,0.0,0.46930644899999996
2030-05-11 04:00:00,0.1121,0.13885512572533848,0.0223,0.46781688299999996
2030-05-11 05:00:00,0.0762,0.115868085106383,0.1324,0.466327317
2030-05-11 06:00:00,0.0876,0.07835203094777564,0.288,0.464837751
2030-05-11 07:00:00,0.10900000000000001,0.056966731141199226,0.4391,0.463348185
2030-05-11 08:00:00,0.1316,0.04590019342359768,0.5599,0.46185861899999997
2030-05-11 09:00:00,0.1632,0.041532301740812384,0.6458,0.460369053
2030-05-11 10:00:00,0.1538,0.0378220502901354,0.6903,0.458879486
2030-05-11 11:00:00,0.15210000000000004,0.04054100580270793,0.6955,0.45738992
2030-05-11 12:00:00,0.1668,0.041296518375241786,0.6612,0.455900354
2030-05-11 13:00:00,0.16620000000000001,0.039726499032882015,0.5919,0.45441078799999995
2030-05-11 14:00:00,0.1699,0.039121083172147006,0.485,0.452921222
2030-05-11 15:00:00,0.173,0.03710502901353965,0.3478,0.451431656
2030-05-11 16:00:00,0.15990000000000001,0.034453191489361705,0.1911,0.44994209
2030-05-11 17:00:00,0.1551,0.038670019342359765,0.0579,0.44845252399999996
2030-05-11 18:00:00,0.1469,0.048400000000000006,0.0017,0.44696295799999997
2030-05-11 19:00:00,0.12,0.06279090909090909,0.0,0.445473392
2030-05-11 20:00:00,0.075,0.08437485493230175,0.0,0.443983826
2030-05-11 21:00:00,0.0479,0.10409845261121857,0.0,0.44249426
2030-05-11 22:00:00,0.035,0.12223597678916828,0.0,0.441004694
2030-05-11 23:00:00,0.0308,0.14029845261121857,0.0,0.439515128
2030-05-12 00:00:00,0.0314,0.15538259187620887,0.0,0.438025561
2030-05-12 01:00:00,0.0335,0.16666673114119923,0.0,0.43622593299999995
2030-05-12 02:00:00,0.0348,0.17654932301740814,0.0,0.434426305
2030-05-12 03:00:00,0.0332,0.1837690522243714,0.0,0.432626676
2030-05-12 04:00:00,0.031200000000000002,0.18527949709864605,0.0232,0.430827048
2030-05-12 05:00:00,0.020599999999999997,0.16007079303675048,0.1305,0.42902742
2030-05-12 06:00:00,0.0069,0.11333713733075433,0.2766,0.427227791
2030-05-12 07:00:00,0.006200000000000001,0.09014468085106384,0.4156,0.42542816299999997
2030-05-12 08:00:00,0.008400000000000001,0.08840580270793036,0.5267,0.423628535
2030-05-12 09:00:00,0.0081,0.09151644100580272,0.5971,0.421828906
2030-05-12 10:00:00,0.006999999999999999,0.09236827852998064,0.6306,0.42002927799999995
2030-05-12 11:00:00,0.0105,0.09466576402321082,0.6219,0.41822965
2030-05-12 12:00:00,0.021299999999999996,0.10117678916827853,0.5838,0.41643002100000004
2030-05-12 13:00:00,0.03830000000000001,0.11324332688588007,0.5087,0.414630393
2030-05-12 14:00:00,0.06199999999999999,0.12971682785299807,0.4087,0.412830765
2030-05-12 15:00:00,0.08409999999999998,0.14931663442940038,0.2834,0.411031136
2030-05-12 16:00:00,0.0848,0.16244448742746614,0.1523,0.40923150799999997
2030-05-12 17:00:00,0.05949999999999999,0.17852417794970984,0.0432,0.40743188
2030-05-12 18:00:00,0.022,0.18984100580270794,0.0009,0.405632251
2030-05-12 19:00:00,0.0106,0.18422591876208896,0.0,0.40383262299999995
2030-05-12 20:00:00,0.0305,0.165583752417795,0.0,0.402032995
2030-05-12 21:00:00,0.05949999999999999,0.146247582205029,0.0,0.40023336600000003
2030-05-12 22:00:00,0.08,0.144947582205029,0.0,0.398433738
2030-05-12 23:00:00,0.09420000000000002,0.21724584139264988,0.0,0.39663411
2030-05-13 00:00:00,0.1136,0.2881733075435203,0.0,0.394834481
2030-05-13 01:00:00,0.1256,0.3342504835589942,0.0,0.393266746
2030-05-13 02:00:00,0.1207,0.3442611218568665,0.0,0.39169901100000004
2030-05-13 03:00:00,0.1265,0.3364731141199226,0.0,0.390131276
2030-05-13 04:00:00,0.14550000000000002,0.32259864603481625,0.0183,0.388563541
2030-05-13 05:00:00,0.0999,0.28384448742746615,0.1112,0.386995806
2030-05-13 06:00:00,0.081,0.23731276595744683,0.2319,0.38542807100000004
2030-05-13 07:00:00,0.0653,0.26545435203094775,0.3435,0.383860336
2030-05-13 08:00:00,0.0607,0.2955135396518375,0.4455,0.382292601
2030-05-13 09:00:00,0.054599999999999996,0.30360522243713733,0.5267,0.380724866
2030-05-13 10:00:00,0.037399999999999996,0.2984019342359768,0.5761,0.37915713100000004
2030-05-13 11:00:00,0.0314,0.27532437137330756,0.5847,0.377589396
2030-05-13 12:00:00,0.0423,0.26548239845261123,0.5487,0.376021661
2030-05-13 13:00:00,0.05739999999999999,0.29558529980657644,0.4765,0.374453926
2030-05-13 14:00:00,0.0657,0.3103088974854933,0.3716,0.37288619100000003
2030-05-13 15:00:00,0.0669,0.30658046421663443,0.247,0.371318456
2030-05-13 16:00:00,0.061,0.31014835589941975,0.1294,0.369750721
2030-05-13 17:00:00,0.0524,0.31547640232108315,0.0392,0.368182986
2030-05-13 18:00:00,0.0628,0.3248365570599613,0.0014,0.36661525100000003
2030-05-13 19:00:00,0.0873,0.3333499032882012,0.0,0.365047516
2030-05-13 20:00:00,0.1256,0.3359382978723404,0.0,0.363479781
2030-05-13 21:00:00,0.14100000000000001,0.357821083172147,0.0,0.361912046
2030-05-13 22:00:00,0.136,0.3802926499032882,0.0,0.36034431100000003
2030-05-13 23:00:00,0.1291,0.37329110251450676,0.0,0.358776576
2030-05-14 00:00:00,0.1311,0.3566495164410058,0.0,0.357208841
2030-05-14 01:00:00,0.1547,0.3628502901353965,0.0,0.355965186
2030-05-14 02:00:00,0.1845,0.36861508704061896,0.0,0.354721532
2030-05-14 03:00:00,0.1824,0.4282731141199226,0.0,0.35347787700000005
2030-05-14 04:00:00,0.1635,0.5420261121856866,0.0178,0.35223422200000004
2030-05-14 05:00:00,0.1277,0.43661972920696324,0.1051,0.35099056799999995
2030-05-14 06:00:00,0.1102,0.2945344294003868,0.2421,0.349746913
2030-05-14 07:00:00,0.1056,0.41409516441005806,0.3878,0.348503259
2030-05-14 08:00:00,0.1362,0.5516887814313346,0.518,0.347259604
2030-05-14 09:00:00,0.1954,0.5629659574468086,0.6105,0.346015949
2030-05-14 10:00:00,0.2601,0.547910251450677,0.6594,0.344772295
2030-05-14 11:00:00,0.3207999999999999,0.5427183752417796,0.6706,0.34352864
2030-05-14 12:00:00,0.3819000000000001,0.5388887814313347,0.6422,0.342284985
2030-05-14 13:00:00,0.4464,0.5385630560928434,0.5746,0.341041331
2030-05-14 14:00:00,0.47720000000000007,0.5427868471953579,0.4742,0.339797676
2030-05-14 15:00:00,0.47,0.5442793036750484,0.343,0.338554022
2030-05-14 16:00:00,0.41750000000000004,0.5030003868471954,0.1965,0.33731036700000006
2030-05-14 17:00:00,0.3112,0.41316228239845265,0.0662,0.33606671200000005
2030-05-14 18:00:00,0.22619999999999998,0.3469833655705996,0.0026,0.334823058
2030-05-14 19:00:00,0.23650000000000002,0.279252417794971,0.0,0.333579403
2030-05-14 20:00:00,0.22130000000000002,0.247357253384913,0.0,0.33233574899999996
2030-05-14 21:00:00,0.1948,0.22889361702127659,0.0,0.331092094
2030-05-14 22:00:00,0.17720000000000002,0.22372920696324952,0.0,0.329848439
2030-05-14 23:00:00,0.1807,0.22581992263056092,0.0,0.328604785
2030-05-15 00:00:00,0.1574,0.2234340425531915,0.0,0.32736113
2030-05-15 01:00:00,0.14629999999999999,0.22246653771760155,0.0,0.326296464
2030-05-15 02:00:00,0.1284,0.21834912959381045,0.0,0.325231798
2030-05-15 03:00:00,0.1229,0.209284332688588,0.0,0.32416713199999997
2030-05-15 04:00:00,0.1031,0.19249767891682784,0.0239,0.32310246600000003
2030-05-15 05:00:00,0.1645,0.19513655705996133,0.1308,0.322037801
2030-05-15 06:00:00,0.2421,0.2547342359767892,0.2832,0.320973135
2030-05-15 07:00:00,0.2585,0.2703278529980658,0.4346,0.319908469
2030-05-15 08:00:00,0.2596,0.30246866537717604,0.556,0.318843803
2030-05-15 09:00:00,0.2573,0.3228725338491296,0.6408,0.317779137
2030-05-15 10:00:00,0.2649,0.3081121856866538,0.6876,0.316714471
2030-05-15 11:00:00,0.2782,0.31585531914893616,0.7023,0.315649805
2030-05-15 12:00:00,0.2894,0.31964622823984523,0.6766,0.31458513899999996
2030-05-15 13:00:00,0.2956,0.3524738878143134,0.6052,0.313520473
2030-05-15 14:00:00,0.28819999999999996,0.379010251450677,0.4915,0.312455807
2030-05-15 15:00:00,0.2483,0.3620721470019343,0.3538,0.31139114100000004
2030-05-15 16:00:00,0.17369999999999997,0.30690232108317217,0.2027,0.310326475
2030-05-15 17:00:00,0.0988,0.22013404255319147,0.0657,0.309261809
2030-05-15 18:00:00,0.1084,0.1739046421663443,0.0026,0.308197144
2030-05-15 19:00:00,0.1623,0.1512063829787234,0.0,0.307132478
2030-05-15 20:00:00,0.2159,0.1360742746615087,0.0,0.306067812
2030-05-15 21:00:00,0.2677,0.12061411992263056,0.0,0.305003146
2030-05-15 22:00:00,0.3042000000000001,0.09916557059961315,0.0,0.30393848
2030-05-15 23:00:00,0.3283,0.08460909090909091,0.0,0.30287381399999996
2030-05-16 00:00:00,0.3389,0.08691779497098646,0.0,0.301809148
2030-05-16 01:00:00,0.3539999999999999,0.1095953578336557,0.0,0.30090058199999997
2030-05-16 02:00:00,0.382,0.15554042553191488,0.0,0.299992017
2030-05-16 03:00:00,0.39979999999999993,0.21906324951644102,0.0,0.299083451
2030-05-16 04:00:00,0.4433000000000001,0.2613522243713733,0.0216,0.29817488600000003
2030-05-16 05:00:00,0.4657,0.2955506769825919,0.1189,0.29726632
2030-05-16 06:00:00,0.46269999999999994,0.36119129593810445,0.2657,0.296357754
2030-05-16 07:00:00,0.438,0.4420087040618955,0.4082,0.295449189
2030-05-16 08:00:00,0.4056,0.509815087040619,0.5162,0.294540623
2030-05-16 09:00:00,0.3789,0.5717912959381044,0.5942,0.29363205800000003
2030-05-16 10:00:00,0.3591,0.6305603481624759,0.6396,0.292723492
2030-05-16 11:00:00,0.3475,0.6792936170212767,0.649,0.29181492600000003
2030-05-16 12:00:00,0.336,0.7135406189555126,0.6259,0.290906361
2030-05-16 13:00:00,0.306,0.7283539651837524,0.5601,0.289997795
2030-05-16 14:00:00,0.256,0.7091075435203095,0.4548,0.28908923
2030-05-16 15:00:00,0.1941,0.654794003868472,0.3248,0.288180664
2030-05-16 16:00:00,0.2608,0.5994017408123791,0.1845,0.28727209800000003
2030-05-16 17:00:00,0.4293,0.5571278529980658,0.063,0.286363533
2030-05-16 18:00:00,0.4537,0.5273450676982592,0.0034,0.285454967
2030-05-16 19:00:00,0.3343,0.4614444874274662,0.0,0.284546401
2030-05-16 20:00:00,0.2655,0.4066825918762088,0.0,0.28363783600000003
2030-05-16 21:00:00,0.32669999999999993,0.36472707930367504,0.0,0.28272927
2030-05-16 22:00:00,0.48579999999999995,0.356531334622824,0.0,0.281820705
2030-05-16 23:00:00,0.574,0.3717315280464217,0.0,0.280912139
2030-05-17 00:00:00,0.6468,0.39143172147001937,0.0,0.280003573
2030-05-17 01:00:00,0.7161,0.4132812379110251,0.0,0.279230517
2030-05-17 02:00:00,0.7375,0.4331241779497099,0.0,0.27845746
2030-05-17 03:00:00,0.73,0.44285744680851064,0.0,0.277684403
2030-05-17 04:00:00,0.7442,0.42761025145067694,0.0279,0.276911346
2030-05-17 05:00:00,0.7711,0.3730311411992263,0.1394,0.276138289
2030-05-17 06:00:00,0.8511,0.46811740812379116,0.2955,0.275365232
2030-05-17 07:00:00,0.8818999999999999,0.535763249516441,0.4478,0.274592175
2030-05-17 08:00:00,0.8865,0.5482085106382979,0.5684,0.27381911800000003
2030-05-17 09:00:00,0.8694,0.551841586073501,0.6562,0.273046061
2030-05-17 10:00:00,0.8326,0.560704835589942,0.7083,0.272273004
2030-05-17 11:00:00,0.7809000000000001,0.5707176015473887,0.7249,0.271499947
2030-05-17 12:00:00,0.7173,0.5795765957446809,0.6995,0.270726891
2030-05-17 13:00:00,0.6454000000000001,0.5746856866537718,0.6337,0.269953834
2030-05-17 14:00:00,0.5669,0.5554085106382979,0.5273,0.269180777
2030-05-17 15:00:00,0.4985,0.5206998065764024,0.3849,0.26840772
2030-05-17 16:00:00,0.4398,0.45940212765957444,0.2191,0.267634663
2030-05-17 17:00:00,0.3524999999999999,0.3792137330754352,0.0738,0.26686160600000003
2030-05-17 18:00:00,0.2655,0.3053504835589942,0.0035,0.266088549
2030-05-17 19:00:00,0.2139,0.2579058027079304,0.0,0.265315492
2030-05-17 20:00:00,0.203,0.22160986460348164,0.0,0.264542435
2030-05-17 21:00:00,0.2137,0.19124719535783363,0.0,0.263769378
2030-05-17 22:00:00,0.2382,0.1701823984526112,0.0,0.26299632100000003
2030-05-17 23:00:00,0.26350000000000007,0.15377272727272726,0.0,0.262223264
2030-05-18 00:00:00,0.264,0.15199129593810443,0.0,0.261450208
2030-05-18 01:00:00,0.27910000000000007,0.15423365570599615,0.0,0.260781455
2030-05-18 02:00:00,0.24549999999999994,0.1573669245647969,0.0,0.260112703
2030-05-18 03:00:00,0.2019,0.16262456479690524,0.0,0.25944395
2030-05-18 04:00:00,0.1657,0.16987001934235976,0.0251,0.258775198
2030-05-18 05:00:00,0.15929999999999997,0.1486230174081238,0.1241,0.258106445
2030-05-18 06:00:00,0.2357,0.13579845261121856,0.2644,0.257437693
2030-05-18 07:00:00,0.1919,0.11834912959381046,0.4085,0.25676894
2030-05-18 08:00:00,0.13079999999999997,0.10510618955512573,0.5258,0.256100188
2030-05-18 09:00:00,0.0899,0.08969477756286266,0.6083,0.255431436
2030-05-18 10:00:00,0.0815,0.07590270793036752,0.6551,0.254762683
2030-05-18 11:00:00,0.09219999999999999,0.07231876208897486,0.6666,0.254093931
2030-05-18 12:00:00,0.1075,0.10610928433268858,0.6364,0.25342517800000003
2030-05-18 13:00:00,0.11589999999999999,0.12471605415860734,0.5689,0.25275642600000003
2030-05-18 14:00:00,0.1125,0.12768104448742745,0.4505,0.252087673
2030-05-18 15:00:00,0.1102,0.1357468085106383,0.3158,0.251418921
2030-05-18 16:00:00,0.1072,0.16850851063829786,0.1775,0.25075016899999997
2030-05-18 17:00:00,0.1003,0.1956448742746615,0.0586,0.250081416
2030-05-18 18:00:00,0.09219999999999999,0.16935125725338493,0.0029,0.24941266399999998
2030-05-18 19:00:00,0.076,0.12257814313346228,0.0,0.248743911
2030-05-18 20:00:00,0.0494,0.08767988394584139,0.0,0.248075159
2030-05-18 21:00:00,0.0365,0.07934294003868474,0.0,0.24740640600000002
2030-05-18 22:00:00,0.0225,0.07937659574468084,0.0,0.24673765399999997
2030-05-18 23:00:00,0.0204,0.08167814313346228,0.0,0.246068901
2030-05-19 00:00:00,0.0222,0.07436402321083171,0.0,0.24540014899999998
2030-05-19 01:00:00,0.020599999999999997,0.06400309477756287,0.0,0.24481423800000002
2030-05-19 02:00:00,0.0172,0.06139980657640232,0.0,0.244228327
2030-05-19 03:00:00,0.0143,0.06093520309477756,0.0,0.243642417
2030-05-19 04:00:00,0.0129,0.047984719535783364,0.0304,0.243056506
2030-05-19 05:00:00,0.0034,0.042609477756286256,0.1438,0.242470595
2030-05-19 06:00:00,0.005400000000000001,0.06199574468085106,0.2906,0.241884684
2030-05-19 07:00:00,0.0146,0.09086827852998065,0.4314,0.241298774
2030-05-19 08:00:00,0.0219,0.11649845261121858,0.5438,0.240712863
2030-05-19 09:00:00,0.0271,0.11434332688588007,0.6109,0.240126952
2030-05-19 10:00:00,0.0316,0.10601295938104449,0.6453,0.239541041
2030-05-19 11:00:00,0.0385,0.1096137330754352,0.6464,0.23895513100000002
2030-05-19 12:00:00,0.039,0.12001856866537716,0.6059,0.23836922
2030-05-19 13:00:00,0.0447,0.13276247582205028,0.5199,0.237783309
2030-05-19 14:00:00,0.0492,0.16825183752417797,0.4091,0.237197398
2030-05-19 15:00:00,0.0647,0.14345551257253386,0.2856,0.23661148699999998
2030-05-19 16:00:00,0.08299999999999999,0.09357659574468084,0.1597,0.236025577
2030-05-19 17:00:00,0.098,0.10714932301740812,0.0543,0.23543966600000002
2030-05-19 18:00:00,0.0782,0.17372978723404256,0.0027,0.234853755
2030-05-19 19:00:00,0.0455,0.23665841392649903,0.0,0.23426784399999998
2030-05-19 20:00:00,0.0355,0.2219083172147002,0.0,0.23368193399999998
2030-05-19 21:00:00,0.0425,0.22037930367504835,0.0,0.233096023
2030-05-19 22:00:00,0.0582,0.18831624758220503,0.0,0.232510112
2030-05-19 23:00:00,0.0714,0.1460723404255319,0.0,0.23192420100000002
2030-05-20 00:00:00,0.0547,0.11914622823984528,0.0,0.231338291
2030-05-20 01:00:00,0.035199999999999995,0.12053887814313348,0.0,0.230827618
2030-05-20 02:00:00,0.030399999999999996,0.17773849129593813,0.0,0.23031694600000002
2030-05-20 03:00:00,0.0302,0.24386112185686656,0.0,0.22980627399999998
2030-05-20 04:00:00,0.0356,0.33308684719535786,0.0266,0.229295602
2030-05-20 05:00:00,0.029799999999999997,0.3290882011605415,0.1128,0.22878493
2030-05-20 06:00:00,0.0117,0.2519442940038685,0.2138,0.228274258
2030-05-20 07:00:00,0.003,0.2616526112185687,0.2938,0.227763585
2030-05-20 08:00:00,0.0079,0.2601642166344294,0.3385,0.227252913
2030-05-20 09:00:00,0.0161,0.28395822050290137,0.3755,0.226742241
2030-05-20 10:00:00,0.0215,0.4230464216634429,0.3927,0.226231569
2030-05-20 11:00:00,0.0217,0.4394386847195358,0.3682,0.225720897
2030-05-20 12:00:00,0.0275,0.48825686653771755,0.3204,0.225210225
2030-05-20 13:00:00,0.043699999999999996,0.5693402321083172,0.2595,0.224699552
2030-05-20 14:00:00,0.0582,0.599724758220503,0.1928,0.22418888
2030-05-20 15:00:00,0.081,0.6023423597678917,0.1191,0.22367820800000002
2030-05-20 16:00:00,0.0797,0.6129324951644101,0.0551,0.22316753600000003
2030-05-20 17:00:00,0.0445,0.6237007736943907,0.0157,0.22265686399999998
2030-05-20 18:00:00,0.0564,0.6550021276595746,0.0001,0.222146192
2030-05-20 19:00:00,0.0825,0.6634230174081238,0.0,0.22163551899999998
2030-05-20 20:00:00,0.0913,0.458515667311412,0.0,0.22112484699999999
2030-05-20 21:00:00,0.10219999999999999,0.3611483558994197,0.0,0.220614175
2030-05-20 22:00:00,0.1027,0.46334332688588015,0.0,0.220103503
2030-05-20 23:00:00,0.1549,0.4977073500967118,0.0,0.21959283100000002
2030-05-21 00:00:00,0.1658,0.3260452611218569,0.0,0.219082159
2030-05-21 01:00:00,0.21099999999999997,0.14388994197292068,0.0,0.218667475
2030-05-21 02:00:00,0.1719,0.14450483558994198,0.0,0.218252792
2030-05-21 03:00:00,0.1642,0.21975377176015476,0.0,0.217838108
2030-05-21 04:00:00,0.18769999999999998,0.25086711798839456,0.0141,0.217423425
2030-05-21 05:00:00,0.1506,0.2095257253384913,0.0795,0.217008741
2030-05-21 06:00:00,0.288,0.1962531914893617,0.1765,0.21659405699999998
2030-05-21 07:00:00,0.4358,0.2081704061895551,0.2809,0.21617937399999998
2030-05-21 08:00:00,0.5243,0.22848375241779495,0.3834,0.21576469
2030-05-21 09:00:00,0.5502,0.27620444874274663,0.4615,0.21535000699999998
2030-05-21 10:00:00,0.5692,0.36852572533849126,0.5047,0.214935323
2030-05-21 11:00:00,0.5628,0.4561489361702128,0.5032,0.21452064
2030-05-21 12:00:00,0.5522,0.5133746615087041,0.4774,0.21410595600000001
2030-05-21 13:00:00,0.5326,0.5392895551257253,0.4208,0.21369127300000001
2030-05-21 14:00:00,0.5101,0.5496085106382979,0.3399,0.213276589
2030-05-21 15:00:00,0.5058,0.5682580270793036,0.2437,0.21286190600000002
2030-05-21 16:00:00,0.4823,0.5647531914893618,0.1324,0.212447222
2030-05-21 17:00:00,0.3902,0.5036533849129593,0.0406,0.212032539
2030-05-21 18:00:00,0.2775,0.4530901353965183,0.0014,0.211617855
2030-05-21 19:00:00,0.2207,0.4137145067698259,0.0,0.21120317100000002
2030-05-21 20:00:00,0.2209,0.4189460348162476,0.0,0.210788488
2030-05-21 21:00:00,0.2172,0.4026148936170213,0.0,0.210373804
2030-05-21 22:00:00,0.2286,0.41849941972920696,0.0,0.20995912100000003
2030-05-21 23:00:00,0.2422,0.4433798839458414,0.0,0.209544437
2030-05-22 00:00:00,0.2592,0.4662862669245648,0.0,0.20912975399999997
2030-05-22 01:00:00,0.2615,0.4654,0.0,0.20888994100000002
2030-05-22 02:00:00,0.2608,0.45509206963249516,0.0,0.208650127
2030-05-22 03:00:00,0.2736,0.42625976789168274,0.0,0.20841031399999999
2030-05-22 04:00:00,0.27030000000000004,0.3937868471953579,0.0203,0.208170501
2030-05-22 05:00:00,0.3936,0.4065172147001934,0.0989,0.207930688
2030-05-22 06:00:00,0.5145,0.4493872340425532,0.2287,0.207690875
2030-05-22 07:00:00,0.5509,0.4668203094777564,0.3595,0.207451062
2030-05-22 08:00:00,0.566,0.47681508704061887,0.4344,0.20721124800000001
2030-05-22 09:00:00,0.5395,0.4735410058027079,0.4811,0.206971435
2030-05-22 10:00:00,0.5214,0.4750735009671179,0.5053,0.206731622
2030-05-22 11:00:00,0.49650000000000005,0.48604294003868476,0.4938,0.206491809
2030-05-22 12:00:00,0.452,0.4968510638297872,0.4521,0.20625199600000002
2030-05-22 13:00:00,0.39759999999999995,0.4993514506769826,0.3881,0.20601218300000002
2030-05-22 14:00:00,0.341,0.4849524177949709,0.3127,0.20577236899999998
2030-05-22 15:00:00,0.3453,0.4733570599613153,0.2232,0.205532556
2030-05-22 16:00:00,0.281,0.42901798839458416,0.1292,0.205292743
2030-05-22 17:00:00,0.2136,0.3326321083172147,0.0462,0.20505293
2030-05-22 18:00:00,0.1624,0.2814046421663443,0.0031,0.204813117
2030-05-22 19:00:00,0.1574,0.25940618955512573,0.0,0.20457330399999998
2030-05-22 20:00:00,0.1542,0.24169245647969054,0.0,0.20433349
2030-05-22 21:00:00,0.1655,0.24200928433268856,0.0,0.204093677
2030-05-22 22:00:00,0.17919999999999997,0.23758046421663445,0.0,0.203853864
2030-05-22 23:00:00,0.1668,0.2550243713733076,0.0,0.20361405100000002
2030-05-23 00:00:00,0.1429,0.3014767891682785,0.0,0.203374238
2030-05-23 01:00:00,0.1118,0.3454816247582205,0.0,0.20322740399999997
2030-05-23 02:00:00,0.0894,0.33981547388781425,0.0,0.20308057
2030-05-23 03:00:00,0.07479999999999999,0.32992456479690524,0.0,0.202933736
2030-05-23 04:00:00,0.0533,0.3440564796905222,0.0262,0.20278690100000002
2030-05-23 05:00:00,0.0299,0.3626762088974855,0.1157,0.20264006699999998
2030-05-23 06:00:00,0.018600000000000002,0.41665357833655703,0.2436,0.202493233
2030-05-23 07:00:00,0.016,0.44142630560928436,0.3651,0.20234639899999998
2030-05-23 08:00:00,0.0193,0.47011586073500966,0.4725,0.202199565
2030-05-23 09:00:00,0.026099999999999998,0.4910756286266924,0.5584,0.202052731
2030-05-23 10:00:00,0.0357,0.49721295938104443,0.5967,0.201905897
2030-05-23 11:00:00,0.0468,0.495516247582205,0.5997,0.20175906300000002
2030-05-23 12:00:00,0.0754,0.4939636363636364,0.5686,0.20161222899999998
2030-05-23 13:00:00,0.10049999999999999,0.4972315280464217,0.5018,0.201465395
2030-05-23 14:00:00,0.12399999999999999,0.48512669245647977,0.403,0.201318561
2030-05-23 15:00:00,0.1277,0.4536253384912959,0.2862,0.201171727
2030-05-23 16:00:00,0.1106,0.38878723404255316,0.1655,0.20102489199999998
2030-05-23 17:00:00,0.0909,0.29229961315280467,0.06,0.200878058
2030-05-23 18:00:00,0.0825,0.24257620889748552,0.0042,0.20073122399999999
2030-05-23 19:00:00,0.07239999999999999,0.24522804642166343,0.0,0.20058439
2030-05-23 20:00:00,0.0544,0.2431278529980658,0.0,0.20043755600000002
2030-05-23 21:00:00,0.031299999999999994,0.24586073500967118,0.0,0.200290722
2030-05-23 22:00:00,0.022399999999999996,0.24892804642166344,0.0,0.20014388800000002
2030-05-23 23:00:00,0.0262,0.2525738878143134,0.0,0.19999705399999998
2030-05-24 00:00:00,0.0434,0.2534377176015474,0.0,0.19985022
2030-05-24 01:00:00,0.0553,0.24120367504835588,0.0,0.199719225
2030-05-24 02:00:00,0.0597,0.21883617021276597,0.0,0.199588231
2030-05-24 03:00:00,0.0697,0.20513675048355898,0.0,0.19945723699999998
2030-05-24 04:00:00,0.0934,0.19151160541586074,0.0274,0.199326242
2030-05-24 05:00:00,0.1124,0.17603230174081239,0.1283,0.19919524800000002
2030-05-24 06:00:00,0.18329999999999996,0.16285396518375242,0.2768,0.199064253
2030-05-24 07:00:00,0.2399,0.15274932301740812,0.425,0.19893325899999997
2030-05-24 08:00:00,0.2761,0.15858297872340427,0.5392,0.198802265
2030-05-24 09:00:00,0.27849999999999997,0.16883578336557062,0.6127,0.19867127
2030-05-24 10:00:00,0.2611,0.1868377176015474,0.6473,0.19854027600000002
2030-05-24 11:00:00,0.2214,0.21651547388781434,0.6446,0.198409282
2030-05-24 12:00:00,0.1962,0.2490630560928433,0.6036,0.198278287
2030-05-24 13:00:00,0.2005,0.28085918762088974,0.5272,0.198147293
2030-05-24 14:00:00,0.2172,0.30482495164410056,0.4247,0.198016298
2030-05-24 15:00:00,0.23069999999999996,0.32223868471953576,0.3039,0.19788530399999998
2030-05-24 16:00:00,0.22650000000000003,0.3195912959381044,0.1747,0.19775431
2030-05-24 17:00:00,0.17549999999999996,0.3017352030947776,0.0624,0.197623315
2030-05-24 18:00:00,0.1167,0.28538916827853,0.0042,0.19749232100000003
2030-05-24 19:00:00,0.12450000000000001,0.24897350096711798,0.0,0.197361327
2030-05-24 20:00:00,0.1807,0.2160576402321083,0.0,0.19723033199999998
2030-05-24 21:00:00,0.2064,0.18050754352030948,0.0,0.197099338
2030-05-24 22:00:00,0.1914,0.14639574468085104,0.0,0.19696834300000002
2030-05-24 23:00:00,0.17160000000000003,0.12545473887814312,0.0,0.196837349
2030-05-25 00:00:00,0.1511,0.12904719535783366,0.0,0.196706355
2030-05-25 01:00:00,0.12749999999999997,0.13559342359767895,0.0,0.196573143
2030-05-25 02:00:00,0.125,0.13759052224371374,0.0,0.196439931
2030-05-25 03:00:00,0.12399999999999999,0.1315441005802708,0.0,0.196306719
2030-05-25 04:00:00,0.1026,0.12172398452611219,0.0266,0.196173507
2030-05-25 05:00:00,0.0978,0.09471702127659573,0.1214,0.196040295
2030-05-25 06:00:00,0.1782,0.0954237911025145,0.259,0.195907083
2030-05-25 07:00:00,0.2155,0.10312553191489361,0.3938,0.19577387100000002
2030-05-25 08:00:00,0.2253,0.1000284332688588,0.502,0.195640659
2030-05-25 09:00:00,0.2142,0.09257582205029014,0.5707,0.195507447
2030-05-25 10:00:00,0.1938,0.0770725338491296,0.6073,0.195374235
2030-05-25 11:00:00,0.1801,0.0556247582205029,0.5926,0.195241023
2030-05-25 12:00:00,0.1692,0.045345841392649903,0.5454,0.19510781100000002
2030-05-25 13:00:00,0.1581,0.051786073500967124,0.475,0.194974599
2030-05-25 14:00:00,0.15550000000000003,0.05391856866537717,0.3818,0.194841388
2030-05-25 15:00:00,0.1507,0.05715183752417795,0.2703,0.194708176
2030-05-25 16:00:00,0.13859999999999997,0.06405918762088975,0.1535,0.194574964
2030-05-25 17:00:00,0.1175,0.07836479690522244,0.0534,0.194441752
2030-05-25 18:00:00,0.1046,0.08968452611218568,0.0027,0.19430854
2030-05-25 19:00:00,0.0849,0.08035377176015472,0.0,0.194175328
2030-05-25 20:00:00,0.0539,0.06374390715667311,0.0,0.19404211600000001
2030-05-25 21:00:00,0.0319,0.048633268858800774,0.0,0.193908904
2030-05-25 22:00:00,0.026000000000000002,0.04142050290135397,0.0,0.193775692
2030-05-25 23:00:00,0.0255,0.041641779497098644,0.0,0.19364248
2030-05-26 00:00:00,0.0283,0.048470986460348156,0.0,0.193509268
2030-05-26 01:00:00,0.029700000000000004,0.0552274661508704,0.0,0.193376215
2030-05-26 02:00:00,0.0268,0.05778104448742746,0.0,0.19324316100000002
2030-05-26 03:00:00,0.0283,0.058048162475822056,0.0,0.193110108
2030-05-26 04:00:00,0.030700000000000005,0.05063384912959381,0.0257,0.19297705399999998
2030-05-26 05:00:00,0.0174,0.03973887814313346,0.1158,0.19284400000000002
2030-05-26 06:00:00,0.014500000000000002,0.04701760154738878,0.2417,0.192710947
2030-05-26 07:00:00,0.0184,0.05773810444874275,0.3764,0.192577893
2030-05-26 08:00:00,0.0221,0.06820019342359768,0.4783,0.19244484
2030-05-26 09:00:00,0.022300000000000004,0.07792243713733076,0.541,0.192311786
2030-05-26 10:00:00,0.0227,0.08994468085106383,0.5737,0.19217873300000002
2030-05-26 11:00:00,0.0231,0.10582901353965182,0.5767,0.192045679
2030-05-26 12:00:00,0.0232,0.11360986460348163,0.535,0.191912626
2030-05-26 13:00:00,0.0245,0.11318529980657639,0.4648,0.19177957199999998
2030-05-26 14:00:00,0.0236,0.10616247582205028,0.3757,0.191646519
2030-05-26 15:00:00,0.022399999999999996,0.09899941972920698,0.2721,0.191513465
2030-05-26 16:00:00,0.0258,0.0901413926499033,0.1615,0.19138041100000003
2030-05-26 17:00:00,0.0331,0.08270599613152804,0.0611,0.191247358
2030-05-26 18:00:00,0.043500000000000004,0.08391334622823983,0.0045,0.19111430399999998
2030-05-26 19:00:00,0.0505,0.07034719535783365,0.0,0.19098125100000002
2030-05-26 20:00:00,0.0417,0.05629013539651837,0.0,0.190848197
2030-05-26 21:00:00,0.0197,0.045643326885880076,0.0,0.19071514399999998
2030-05-26 22:00:00,0.0146,0.04051586073500967,0.0,0.19058209
2030-05-26 23:00:00,0.0371,0.03714139264990329,0.0,0.190449037
2030-05-27 00:00:00,0.0714,0.03716731141199227,0.0,0.190315983
2030-05-27 01:00:00,0.0843,0.042264023210831725,0.0,0.19022622
2030-05-27 02:00:00,0.0844,0.05151624758220503,0.0,0.190136456
2030-05-27 03:00:00,0.07270000000000001,0.05782727272727273,0.0,0.190046692
2030-05-27 04:00:00,0.0601,0.057234622823984525,0.0284,0.189956929
2030-05-27 05:00:00,0.08750000000000001,0.04598568665377176,0.1242,0.189867165
2030-05-27 06:00:00,0.1376,0.053610058027079306,0.2575,0.189777401
2030-05-27 07:00:00,0.11919999999999999,0.07038742746615087,0.394,0.18968763800000002
2030-05-27 08:00:00,0.0971,0.09123384912959381,0.5037,0.18959787399999997
2030-05-27 09:00:00,0.08959999999999999,0.12104796905222437,0.5778,0.189508111
2030-05-27 10:00:00,0.0913,0.14912901353965186,0.6126,0.189418347
2030-05-27 11:00:00,0.097,0.17037388781431334,0.6076,0.189328583
2030-05-27 12:00:00,0.1066,0.18930483558994202,0.562,0.18923882
2030-05-27 13:00:00,0.1145,0.20641489361702126,0.4873,0.189149056
2030-05-27 14:00:00,0.1164,0.22330193423597677,0.3914,0.189059292
2030-05-27 15:00:00,0.1179,0.2324294003868472,0.2776,0.188969529
2030-05-27 16:00:00,0.11479999999999999,0.2287804642166344,0.1577,0.188879765
2030-05-27 17:00:00,0.1015,0.20776092843326885,0.0527,0.18879000199999998
2030-05-27 18:00:00,0.101,0.20544332688588005,0.0022,0.18870023800000002
2030-05-27 19:00:00,0.0836,0.18586711798839456,0.0,0.18861047399999997
2030-05-27 20:00:00,0.0552,0.16098936170212766,0.0,0.188520711
2030-05-27 21:00:00,0.0285,0.13998027079303674,0.0,0.188430947
2030-05-27 22:00:00,0.0209,0.12082998065764022,0.0,0.188341183
2030-05-27 23:00:00,0.0275,0.09765725338491296,0.0,0.18825142
2030-05-28 00:00:00,0.0346,0.08151779497098646,0.0,0.188161656
2030-05-28 01:00:00,0.0386,0.07641856866537718,0.0,0.188123815
2030-05-28 02:00:00,0.0441,0.07699052224371374,0.0,0.188085974
2030-05-28 03:00:00,0.0502,0.08223036750483559,0.0001,0.188048133
2030-05-28 04:00:00,0.0526,0.08426576402321083,0.0283,0.188010292
2030-05-28 05:00:00,0.039700000000000006,0.05609400386847196,0.1185,0.187972451
2030-05-28 06:00:00,0.0398,0.025796324951644103,0.2409,0.18793461
2030-05-28 07:00:00,0.049,0.024200000000000003,0.365,0.187896769
2030-05-28 08:00:00,0.052000000000000005,0.02269052224371373,0.4608,0.187858928
2030-05-28 09:00:00,0.05910000000000001,0.023773887814313343,0.5241,0.187821087
2030-05-28 10:00:00,0.073,0.035398839458413926,0.562,0.18778324600000001
2030-05-28 11:00:00,0.0723,0.06303191489361702,0.5689,0.187745405
2030-05-28 12:00:00,0.0688,0.10402533849129593,0.5425,0.187707564
2030-05-28 13:00:00,0.0718,0.13178471953578336,0.4811,0.18766972199999998
2030-05-28 14:00:00,0.062400000000000004,0.11197214700193425,0.3942,0.18763188100000003
2030-05-28 15:00:00,0.04,0.07630212765957448,0.2873,0.18759404
2030-05-28 16:00:00,0.0256,0.04744603481624758,0.1742,0.18755619899999998
2030-05-28 17:00:00,0.021,0.03712185686653772,0.0675,0.187518358
2030-05-28 18:00:00,0.020599999999999997,0.03383423597678917,0.0054,0.18748051699999999
2030-05-28 19:00:00,0.022,0.027038491295938105,0.0,0.187442676
2030-05-28 20:00:00,0.0277,0.02799613152804642,0.0,0.187404835
2030-05-28 21:00:00,0.0359,0.036564216634429395,0.0,0.18736699399999998
2030-05-28 22:00:00,0.0459,0.055618181818181824,0.0,0.187329153
2030-05-28 23:00:00,0.054,0.07077833655705995,0.0,0.187291312
2030-05-29 00:00:00,0.0586,0.07584448742746615,0.0,0.187253471
2030-05-29 01:00:00,0.06350000000000001,0.08111586073500968,0.0,0.187259133
2030-05-29 02:00:00,0.06940000000000002,0.08495048355899419,0.0,0.187264796
2030-05-29 03:00:00,0.073,0.09543597678916828,0.0001,0.18727045899999997
2030-05-29 04:00:00,0.0675,0.10508646034816249,0.0344,0.187276122
2030-05-29 05:00:00,0.036199999999999996,0.08830038684719535,0.1457,0.18728178399999998
2030-05-29 06:00:00,0.0183,0.05374603481624759,0.2975,0.187287447
2030-05-29 07:00:00,0.030999999999999996,0.026090328820116054,0.4473,0.18729311
2030-05-29 08:00:00,0.0378,0.007600193423597678,0.5636,0.187298772
2030-05-29 09:00:00,0.0504,0.0066301740812379105,0.6419,0.187304435
2030-05-29 10:00:00,0.0667,0.030318375241779497,0.6775,0.187310098
2030-05-29 11:00:00,0.0747,0.05773617021276596,0.6766,0.18731576
2030-05-29 12:00:00,0.0799,0.08007911025145067,0.6372,0.18732142300000001
2030-05-29 13:00:00,0.0862,0.08824235976789167,0.5596,0.187327086
2030-05-29 14:00:00,0.0937,0.08794893617021275,0.4522,0.187332749
2030-05-29 15:00:00,0.1047,0.08882340425531916,0.3238,0.187338411
2030-05-29 16:00:00,0.1111,0.08372263056092843,0.1875,0.18734407399999997
2030-05-29 17:00:00,0.0931,0.07914119922630562,0.0685,0.187349737
2030-05-29 18:00:00,0.0607,0.06868665377176016,0.0059,0.18735539899999998
2030-05-29 19:00:00,0.0291,0.05138588007736943,0.0,0.187361062
2030-05-29 20:00:00,0.0135,0.044700000000000004,0.0,0.187366725
2030-05-29 21:00:00,0.0214,0.049857833655706,0.0,0.187372387
2030-05-29 22:00:00,0.036,0.05745454545454545,0.0,0.18737805
2030-05-29 23:00:00,0.0536,0.0660147001934236,0.0,0.187383713
2030-05-30 00:00:00,0.07,0.08576363636363636,0.0,0.187389375
2030-05-30 01:00:00,0.084,0.10795764023210831,0.0,0.187355574
2030-05-30 02:00:00,0.0907,0.12408665377176016,0.0,0.187321772
2030-05-30 03:00:00,0.0958,0.13112514506769826,0.0001,0.18728797
2030-05-30 04:00:00,0.0729,0.11806769825918763,0.037,0.187254168
2030-05-30 05:00:00,0.03409999999999999,0.08039419729206963,0.1488,0.18722036600000003
2030-05-30 06:00:00,0.0477,0.06275164410058028,0.297,0.18718656399999997
2030-05-30 07:00:00,0.1064,0.057405609284332686,0.4396,0.187152762
2030-05-30 08:00:00,0.1313,0.052482205029013546,0.5575,0.18711896
2030-05-30 09:00:00,0.148,0.046110251450676994,0.6324,0.187085158
2030-05-30 10:00:00,0.1502,0.04370986460348163,0.6652,0.187051356
2030-05-30 11:00:00,0.1389,0.0418,0.657,0.18701755399999997
2030-05-30 12:00:00,0.1209,0.04670077369439072,0.6152,0.186983752
2030-05-30 13:00:00,0.1075,0.048475241779497094,0.5406,0.18694995
2030-05-30 14:00:00,0.0952,0.05210483558994198,0.4387,0.186916148
2030-05-30 15:00:00,0.0811,0.06025125725338491,0.3177,0.186882346
2030-05-30 16:00:00,0.0688,0.07009148936170213,0.185,0.186848545
2030-05-30 17:00:00,0.0592,0.07888317214700194,0.0671,0.186814743
2030-05-30 18:00:00,0.0402,0.06732940038684719,0.0053,0.186780941
2030-05-30 19:00:00,0.017599999999999998,0.04371624758220503,0.0,0.18674713899999998
2030-05-30 20:00:00,0.0113,0.029699032882011603,0.0,0.18671333699999998
2030-05-30 21:00:00,0.021,0.024016247582205028,0.0,0.186679535
2030-05-30 22:00:00,0.035199999999999995,0.021817214700193422,0.0,0.186645733
2030-05-30 23:00:00,0.04710000000000001,0.02300116054158607,0.0,0.186611931
2030-05-31 00:00:00,0.0551,0.022211798839458414,0.0,0.18657812899999998
2030-05-31 01:00:00,0.0605,0.02268046421663443,0.0,0.18652387
2030-05-31 02:00:00,0.0662,0.024756092843326884,0.0,0.186469611
2030-05-31 03:00:00,0.0735,0.027983172147001936,0.0001,0.186415352
2030-05-31 04:00:00,0.06940000000000002,0.031023017408123795,0.0312,0.186361093
2030-05-31 05:00:00,0.0414,0.02049980657640232,0.1232,0.18630683399999998
2030-05-31 06:00:00,0.024999999999999998,0.00850947775628627,0.2493,0.186252576
2030-05-31 07:00:00,0.0174,0.006733268858800774,0.3642,0.186198317
2030-05-31 08:00:00,0.0135,0.006129980657640232,0.4544,0.186144058
2030-05-31 09:00:00,0.0115,0.011453384912959382,0.511,0.18608979899999997
2030-05-31 10:00:00,0.0119,0.022906769825918764,0.5434,0.18603554
2030-05-31 11:00:00,0.014500000000000002,0.035650676982591875,0.5503,0.18598128100000003
2030-05-31 12:00:00,0.021,0.04758800773694391,0.5228,0.185927022
2030-05-31 13:00:00,0.0301,0.056541005802707926,0.4642,0.185872763
2030-05-31 14:00:00,0.0392,0.06355822050290136,0.3742,0.185818504
2030-05-31 15:00:00,0.0566,0.07130135396518375,0.2653,0.185764245
2030-05-31 16:00:00,0.079,0.08001237911025144,0.1508,0.18570998600000002
2030-05-31 17:00:00,0.1002,0.09043655705996131,0.0533,0.185655727
2030-05-31 18:00:00,0.12460000000000002,0.09168471953578336,0.0036,0.185601469
2030-05-31 19:00:00,0.1332,0.07726769825918763,0.0,0.18554721
2030-05-31 20:00:00,0.1183,0.06149129593810444,0.0,0.18549295100000002
2030-05-31 21:00:00,0.1161,0.05530309477756286,0.0,0.185438692
2030-05-31 22:00:00,0.1191,0.06001044487427466,0.0,0.18538443300000002
2030-05-31 23:00:00,0.12969999999999998,0.07032417794970987,0.0,0.185330174
2030-06-01 00:00:00,0.1417,0.08277814313346228,0.0,0.185275915
2030-06-01 01:00:00,0.1507,0.08901508704061895,0.0,0.18522122800000002
2030-06-01 02:00:00,0.1603,0.08886905222437139,0.0,0.185166542
2030-06-01 03:00:00,0.1635,0.08675667311411991,0.0001,0.185111855
2030-06-01 04:00:00,0.1384,0.08559477756286267,0.0302,0.185057169
2030-06-01 05:00:00,0.1094,0.09670657640232107,0.1276,0.185002482
2030-06-01 06:00:00,0.1025,0.11880889748549321,0.2672,0.184947795
2030-06-01 07:00:00,0.0954,0.11344061895551258,0.4064,0.18489310899999997
2030-06-01 08:00:00,0.0978,0.09614932301740811,0.5247,0.184838422
2030-06-01 09:00:00,0.10049999999999999,0.08058858800773694,0.6056,0.184783736
2030-06-01 10:00:00,0.1047,0.07357485493230174,0.6455,0.18472904899999998
2030-06-01 11:00:00,0.11270000000000001,0.07617775628626693,0.648,0.184674363
2030-06-01 12:00:00,0.1146,0.08972321083172147,0.6153,0.184619676
2030-06-01 13:00:00,0.1143,0.11346673114119922,0.5503,0.18456498899999998
2030-06-01 14:00:00,0.1204,0.13707524177949712,0.4489,0.18451030300000001
2030-06-01 15:00:00,0.1422,0.157263249516441,0.3233,0.18445561600000002
2030-06-01 16:00:00,0.16809999999999997,0.16800657640232108,0.1881,0.18440093
2030-06-01 17:00:00,0.17699999999999996,0.1682781431334623,0.0705,0.18434624300000002
2030-06-01 18:00:00,0.18769999999999998,0.1565083172147002,0.0059,0.18429155600000002
2030-06-01 19:00:00,0.1764,0.13812050290135397,0.0,0.18423687
2030-06-01 20:00:00,0.1631,0.12229883945841394,0.0,0.184182183
2030-06-01 21:00:00,0.15369999999999998,0.10669013539651837,0.0,0.184127497
2030-06-01 22:00:00,0.1571,0.0902541586073501,0.0,0.18407281
2030-06-01 23:00:00,0.1703,0.08582959381044486,0.0,0.184018123
2030-06-02 00:00:00,0.1821,0.07980502901353964,0.0,0.18396343699999998
2030-06-02 01:00:00,0.1883,0.07551489361702127,0.0,0.183916282
2030-06-02 02:00:00,0.1951,0.06846653771760154,0.0,0.183869127
2030-06-02 03:00:00,0.19170000000000004,0.06129013539651837,0.0002,0.183821972
2030-06-02 04:00:00,0.1512,0.04946092843326885,0.0341,0.183774818
2030-06-02 05:00:00,0.1035,0.04260657640232109,0.1379,0.183727663
2030-06-02 06:00:00,0.08349999999999999,0.03478317214700193,0.2832,0.18368050800000002
2030-06-02 07:00:00,0.0557,0.02933558994197292,0.4234,0.183633353
2030-06-02 08:00:00,0.0476,0.028754352030947776,0.5348,0.183586198
2030-06-02 09:00:00,0.0507,0.036340038684719536,0.6162,0.18353904399999998
2030-06-02 10:00:00,0.064,0.04764564796905223,0.6604,0.183491889
2030-06-02 11:00:00,0.0792,0.06353481624758221,0.666,0.183444734
2030-06-02 12:00:00,0.09719999999999998,0.08161798839458415,0.6323,0.18339757899999998
2030-06-02 13:00:00,0.1178,0.09764197292069632,0.5586,0.18335042399999998
2030-06-02 14:00:00,0.1367,0.11556963249516441,0.4545,0.18330327
2030-06-02 15:00:00,0.158,0.12703249516441006,0.324,0.183256115
2030-06-02 16:00:00,0.1857,0.1399595744680851,0.1868,0.18320896
2030-06-02 17:00:00,0.2134,0.14719593810444875,0.0678,0.183161805
2030-06-02 18:00:00,0.2176,0.12922688588007739,0.005,0.18311465
2030-06-02 19:00:00,0.1892,0.09426460348162476,0.0,0.18306749600000002
2030-06-02 20:00:00,0.1562,0.06113288201160541,0.0,0.183020341
2030-06-02 21:00:00,0.1433,0.05166595744680851,0.0,0.182973186
2030-06-02 22:00:00,0.15369999999999998,0.051163249516441,0.0,0.18292603100000002
2030-06-02 23:00:00,0.1722,0.0524284332688588,0.0,0.18287887600000002
2030-06-03 00:00:00,0.1838,0.05080986460348163,0.0,0.182831721
2030-06-03 01:00:00,0.188,0.04920657640232109,0.0,0.182807732
2030-06-03 02:00:00,0.1946,0.04981083172147002,0.0,0.182783743
2030-06-03 03:00:00,0.1953,0.0485936170212766,0.0001,0.182759754
2030-06-03 04:00:00,0.1614,0.04328104448742746,0.0322,0.182735765
2030-06-03 05:00:00,0.102,0.04707040618955512,0.1286,0.182711775
2030-06-03 06:00:00,0.09250000000000001,0.05103230174081238,0.2611,0.18268778600000002
2030-06-03 07:00:00,0.0762,0.046350096711798836,0.3952,0.182663797
2030-06-03 08:00:00,0.0675,0.048052804642166345,0.5071,0.18263980800000001
2030-06-03 09:00:00,0.0688,0.06167098646034816,0.5855,0.182615818
2030-06-03 10:00:00,0.077,0.08131566731141199,0.6276,0.18259182899999998
2030-06-03 11:00:00,0.08700000000000001,0.0995558994197292,0.6306,0.18256784
2030-06-03 12:00:00,0.0986,0.11394893617021276,0.6025,0.182543851
2030-06-03 13:00:00,0.1079,0.12378858800773694,0.5399,0.182519861
2030-06-03 14:00:00,0.1156,0.13168588007736945,0.4449,0.182495872
2030-06-03 15:00:00,0.1253,0.1341709864603482,0.3211,0.182471883
2030-06-03 16:00:00,0.142,0.13580618955512574,0.1852,0.18244789399999997
2030-06-03 17:00:00,0.154,0.1446713733075435,0.0679,0.182423904
2030-06-03 18:00:00,0.1658,0.16195203094777563,0.0053,0.182399915
2030-06-03 19:00:00,0.1612,0.17156827852998063,0.0,0.18237592600000002
2030-06-03 20:00:00,0.1483,0.17562011605415861,0.0,0.182351937
2030-06-03 21:00:00,0.1549,0.16972263056092843,0.0,0.18232794800000002
2030-06-03 22:00:00,0.1708,0.1647,0.0,0.18230395800000002
2030-06-03 23:00:00,0.1859,0.15870812379110252,0.0,0.182279969
2030-06-04 00:00:00,0.2021,0.15060773694390714,0.0,0.18225598
2030-06-04 01:00:00,0.23059999999999997,0.14156557059961317,0.0,0.182246603
2030-06-04 02:00:00,0.25,0.12730483558994196,0.0,0.182237226
2030-06-04 03:00:00,0.2527,0.10126943907156673,0.0001,0.182227848
2030-06-04 04:00:00,0.2188,0.09446402321083172,0.0244,0.18221847100000002
2030-06-04 05:00:00,0.1696,0.08850348162475823,0.0968,0.182209094
2030-06-04 06:00:00,0.239,0.10355667311411992,0.2025,0.18219971699999998
2030-06-04 07:00:00,0.26660000000000006,0.11160154738878142,0.3039,0.18219034
2030-06-04 08:00:00,0.2936,0.12528413926499032,0.3748,0.182180963
2030-06-04 09:00:00,0.3461,0.16516653771760156,0.4048,0.18217158600000002
2030-06-04 10:00:00,0.3696,0.1641061895551257,0.4031,0.182162209
2030-06-04 11:00:00,0.3904,0.15350580270793038,0.3882,0.182152832
2030-06-04 12:00:00,0.4837000000000001,0.1573340425531915,0.3767,0.182143455
2030-06-04 13:00:00,0.5851999999999999,0.1459384912959381,0.3484,0.182134077
2030-06-04 14:00:00,0.6243,0.15156441005802707,0.3031,0.1821247
2030-06-04 15:00:00,0.6101,0.19708549323017407,0.2313,0.182115323
2030-06-04 16:00:00,0.5217,0.14957021276595744,0.1453,0.18210594600000002
2030-06-04 17:00:00,0.4096,0.09210058027079304,0.0606,0.18209656899999999
2030-06-04 18:00:00,0.3121,0.0829384912959381,0.007,0.18208719199999998
2030-06-04 19:00:00,0.2729,0.08527021276595745,0.0,0.182077815
2030-06-04 20:00:00,0.2784,0.09822224371373306,0.0,0.182068438
2030-06-04 21:00:00,0.2797,0.12248278529980657,0.0,0.18205906100000002
2030-06-04 22:00:00,0.27910000000000007,0.16732437137330758,0.0,0.18204968300000002
2030-06-04 23:00:00,0.2487,0.20855009671179886,0.0,0.182040306
2030-06-05 00:00:00,0.20989999999999998,0.24003404255319152,0.0,0.18203092899999998
2030-06-05 01:00:00,0.1889,0.26410870406189557,0.0,0.18220183199999998
2030-06-05 02:00:00,0.178,0.2796779497098646,0.0,0.18237273399999998
2030-06-05 03:00:00,0.17840000000000003,0.28221044487427466,0.0002,0.18254363699999998
2030-06-05 04:00:00,0.1529,0.25076692456479693,0.0363,0.18271453899999998
2030-06-05 05:00:00,0.1409,0.21711856866537718,0.1461,0.18288544199999998
2030-06-05 06:00:00,0.126,0.2522288201160542,0.3057,0.18305634399999998
2030-06-05 07:00:00,0.0926,0.25092417794970984,0.4551,0.18322724699999998
2030-06-05 08:00:00,0.0711,0.24427176015473887,0.5748,0.18339814899999998
2030-06-05 09:00:00,0.0557,0.23630812379110253,0.6594,0.18356905199999998
2030-06-05 10:00:00,0.052199999999999996,0.2316027079303675,0.7039,0.18373995399999998
2030-06-05 11:00:00,0.056900000000000006,0.23121624758220502,0.71,0.18391085699999998
2030-06-05 12:00:00,0.067,0.2364075435203095,0.6803,0.18408176
2030-06-05 13:00:00,0.07849999999999999,0.2535069632495165,0.6136,0.18425266199999998
2030-06-05 14:00:00,0.0924,0.2820597678916828,0.5098,0.184423565
2030-06-05 15:00:00,0.1118,0.30674100580270797,0.3725,0.18459446699999998
2030-06-05 16:00:00,0.135,0.32147137330754355,0.2197,0.18476537
2030-06-05 17:00:00,0.12480000000000001,0.3037810444874275,0.0825,0.18493627199999998
2030-06-05 18:00:00,0.0761,0.28963733075435205,0.0089,0.185107175
2030-06-05 19:00:00,0.0333,0.2550191489361702,0.0,0.18527807699999999
2030-06-05 20:00:00,0.016,0.20239883945841394,0.0,0.18544898
2030-06-05 21:00:00,0.0148,0.15320135396518375,0.0,0.18561988199999999
2030-06-05 22:00:00,0.0211,0.12307485493230175,0.0,0.185790785
2030-06-05 23:00:00,0.027800000000000002,0.10823694390715667,0.0,0.185961687
2030-06-06 00:00:00,0.0314,0.10047698259187622,0.0,0.18613259
2030-06-06 01:00:00,0.030700000000000005,0.09775164410058028,0.0,0.186266404
2030-06-06 02:00:00,0.0283,0.09794332688588007,0.0,0.18640021699999998
2030-06-06 03:00:00,0.0286,0.09847969052224372,0.0002,0.18653403100000002
2030-06-06 04:00:00,0.0275,0.09045396518375241,0.0362,0.186667845
2030-06-06 05:00:00,0.0195,0.0689495164410058,0.1409,0.18680165899999998
2030-06-06 06:00:00,0.0321,0.05162707930367505,0.2728,0.18693547300000002
2030-06-06 07:00:00,0.0487,0.057133655705996135,0.4054,0.187069287
2030-06-06 08:00:00,0.0578,0.06549767891682785,0.5149,0.187203101
2030-06-06 09:00:00,0.0528,0.06254719535783365,0.5866,0.187336914
2030-06-06 10:00:00,0.0478,0.055672147001934236,0.6216,0.187470728
2030-06-06 11:00:00,0.0533,0.056592649903288196,0.6187,0.18760454199999999
2030-06-06 12:00:00,0.0703,0.06527891682785299,0.5876,0.18773835600000002
2030-06-06 13:00:00,0.0911,0.08271411992263056,0.5236,0.18787217
2030-06-06 14:00:00,0.12120000000000002,0.10099709864603482,0.4346,0.188005984
2030-06-06 15:00:00,0.1472,0.11297234042553192,0.3159,0.188139797
2030-06-06 16:00:00,0.1571,0.12555996131528047,0.1773,0.188273611
2030-06-06 17:00:00,0.1402,0.1398673114119923,0.0633,0.188407425
2030-06-06 18:00:00,0.1094,0.1367065764023211,0.0052,0.18854123899999997
2030-06-06 19:00:00,0.0814,0.11477930367504835,0.0,0.188675053
2030-06-06 20:00:00,0.08959999999999999,0.09349651837524178,0.0,0.188808867
2030-06-06 21:00:00,0.1032,0.07720870406189555,0.0,0.188942681
2030-06-06 22:00:00,0.1194,0.06392069632495165,0.0,0.18907649399999998
2030-06-06 23:00:00,0.13409999999999997,0.05678471953578336,0.0,0.189210308
2030-06-07 00:00:00,0.147,0.05314526112185687,0.0,0.189344122
2030-06-07 01:00:00,0.1531,0.05072417794970986,0.0,0.18935856
2030-06-07 02:00:00,0.15699999999999997,0.049219148936170215,0.0,0.18937299800000001
2030-06-07 03:00:00,0.1579,0.04717582205029013,0.0002,0.18938743600000002
2030-06-07 04:00:00,0.125,0.03779071566731141,0.0323,0.189401874
2030-06-07 05:00:00,0.0949,0.026946228239845257,0.1313,0.189416312
2030-06-07 06:00:00,0.08959999999999999,0.023880851063829787,0.2658,0.18943074899999998
2030-06-07 07:00:00,0.08409999999999998,0.017397292069632496,0.4034,0.189445187
2030-06-07 08:00:00,0.0836,0.016981431334622824,0.5189,0.189459625
2030-06-07 09:00:00,0.0836,0.018899032882011606,0.5953,0.189474063
2030-06-07 10:00:00,0.088,0.022203094777562864,0.6325,0.189488501
2030-06-07 11:00:00,0.098,0.027975048355899416,0.6388,0.18950293899999998
2030-06-07 12:00:00,0.10919999999999999,0.03874410058027079,0.6103,0.189517377
2030-06-07 13:00:00,0.12,0.05108278529980658,0.547,0.189531815
2030-06-07 14:00:00,0.1288,0.05868974854932302,0.4597,0.189546253
2030-06-07 15:00:00,0.139,0.06382882011605416,0.3408,0.18956069
2030-06-07 16:00:00,0.14990000000000003,0.07172707930367504,0.1978,0.189575128
2030-06-07 17:00:00,0.1575,0.08785860735009672,0.0724,0.18958956600000001
2030-06-07 18:00:00,0.1699,0.07877272727272726,0.0073,0.189604004
2030-06-07 19:00:00,0.1724,0.06299748549323017,0.0,0.189618442
2030-06-07 20:00:00,0.17369999999999997,0.05445280464216635,0.0,0.18963288
2030-06-07 21:00:00,0.1663,0.053581044487427475,0.0,0.189647318
2030-06-07 22:00:00,0.1497,0.06397176015473888,0.0,0.18966175600000001
2030-06-07 23:00:00,0.1508,0.07372359767891681,0.0,0.189676194
2030-06-08 00:00:00,0.1584,0.08035647969052223,0.0,0.189690632
2030-06-08 01:00:00,0.1645,0.07709980657640232,0.0,0.189623297
2030-06-08 02:00:00,0.1746,0.07178143133462282,0.0,0.189555962
2030-06-08 03:00:00,0.1837,0.06257117988394584,0.0003,0.18948862800000002
2030-06-08 04:00:00,0.17589999999999997,0.05351547388781431,0.0362,0.18942129300000002
2030-06-08 05:00:00,0.1122,0.04224042553191489,0.1354,0.189353959
2030-06-08 06:00:00,0.0951,0.04892901353965184,0.2743,0.189286624
2030-06-08 07:00:00,0.0878,0.06557833655705997,0.4011,0.18921928899999998
2030-06-08 08:00:00,0.08019999999999998,0.07389806576402322,0.4897,0.189151955
2030-06-08 09:00:00,0.06230000000000001,0.08576711798839459,0.5438,0.18908462
2030-06-08 10:00:00,0.04259999999999999,0.10383442940038684,0.5923,0.189017286
2030-06-08 11:00:00,0.0463,0.1262274661508704,0.6047,0.188949951
2030-06-08 12:00:00,0.0796,0.1458936170212766,0.5715,0.188882616
2030-06-08 13:00:00,0.11419999999999998,0.14879361702127658,0.5154,0.188815282
2030-06-08 14:00:00,0.1068,0.14374352030947776,0.4257,0.188747947
2030-06-08 15:00:00,0.0946,0.134636750483559,0.3104,0.188680613
2030-06-08 16:00:00,0.1059,0.1348955512572534,0.1807,0.188613278
2030-06-08 17:00:00,0.1268,0.1275220502901354,0.0682,0.188545943
2030-06-08 18:00:00,0.1536,0.11762495164410058,0.0066,0.188478609
2030-06-08 19:00:00,0.1608,0.11541334622823984,0.0,0.188411274
2030-06-08 20:00:00,0.1831,0.13972069632495163,0.0,0.18834394
2030-06-08 21:00:00,0.2072,0.16084468085106385,0.0,0.188276605
2030-06-08 22:00:00,0.2343,0.16942050290135396,0.0,0.18820927
2030-06-08 23:00:00,0.24240000000000003,0.16797814313346227,0.0,0.188141936
2030-06-09 00:00:00,0.2317,0.15551508704061898,0.0,0.188074601
2030-06-09 01:00:00,0.2216,0.13010870406189556,0.0,0.18798065600000002
2030-06-09 02:00:00,0.2154,0.10341876208897485,0.0,0.187886711
2030-06-09 03:00:00,0.20769999999999997,0.07635357833655705,0.0002,0.187792765
2030-06-09 04:00:00,0.1946,0.056466537717601545,0.0278,0.18769882
2030-06-09 05:00:00,0.1558,0.03523075435203095,0.1086,0.187604875
2030-06-09 06:00:00,0.1191,0.03200831721470019,0.2189,0.187510929
2030-06-09 07:00:00,0.186,0.04960502901353966,0.3213,0.18741698399999998
2030-06-09 08:00:00,0.2232,0.050339651837524174,0.3779,0.187323039
2030-06-09 09:00:00,0.1724,0.0415284332688588,0.4308,0.187229093
2030-06-09 10:00:00,0.1617,0.043240812379110254,0.4649,0.187135148
2030-06-09 11:00:00,0.19889999999999997,0.04441334622823984,0.4811,0.18704120300000002
2030-06-09 12:00:00,0.18500000000000003,0.06614429400386848,0.4533,0.186947258
2030-06-09 13:00:00,0.1535,0.12714700193423598,0.4155,0.186853312
2030-06-09 14:00:00,0.13409999999999997,0.1129622823984526,0.3542,0.18675936699999998
2030-06-09 15:00:00,0.1493,0.10926711798839459,0.2659,0.186665422
2030-06-09 16:00:00,0.1412,0.09791663442940038,0.1617,0.186571476
2030-06-09 17:00:00,0.111,0.07960058027079303,0.0605,0.186477531
2030-06-09 18:00:00,0.1016,0.08377814313346227,0.0053,0.18638358600000002
2030-06-09 19:00:00,0.1007,0.09729458413926498,0.0,0.18628964
2030-06-09 20:00:00,0.1184,0.13162533849129593,0.0,0.186195695
2030-06-09 21:00:00,0.17,0.16067388781431335,0.0,0.18610175
2030-06-09 22:00:00,0.2211,0.13999941972920696,0.0,0.186007805
2030-06-09 23:00:00,0.2416,0.10007330754352031,0.0,0.185913859
2030-06-10 00:00:00,0.2485,0.0828485493230174,0.0,0.18581991399999997
2030-06-10 01:00:00,0.24469999999999997,0.08655164410058028,0.0,0.18579504600000002
2030-06-10 02:00:00,0.24599999999999997,0.08836208897485492,0.0,0.18577017699999998
2030-06-10 03:00:00,0.2548,0.09037117988394584,0.0001,0.185745309
2030-06-10 04:00:00,0.24890000000000004,0.10215841392649903,0.0239,0.185720441
2030-06-10 05:00:00,0.2372,0.1094007736943907,0.0975,0.185695572
2030-06-10 06:00:00,0.2556,0.11466150870406189,0.214,0.185670704
2030-06-10 07:00:00,0.2527,0.12092591876208897,0.3543,0.185645836
2030-06-10 08:00:00,0.2217,0.12811586073500966,0.4869,0.185620967
2030-06-10 09:00:00,0.1894,0.1485309477756286,0.5833,0.185596099
2030-06-10 10:00:00,0.1688,0.16265589941972922,0.639,0.185571231
2030-06-10 11:00:00,0.1725,0.16600154738878145,0.6586,0.185546362
2030-06-10 12:00:00,0.1925,0.17754854932301742,0.6295,0.18552149399999998
2030-06-10 13:00:00,0.2179,0.20337330754352032,0.5518,0.18549662600000003
2030-06-10 14:00:00,0.2334,0.23088607350096713,0.4307,0.185471757
2030-06-10 15:00:00,0.2393,0.24933442940038683,0.2882,0.18544688899999998
2030-06-10 16:00:00,0.2434,0.2645827852998066,0.1529,0.18542202
2030-06-10 17:00:00,0.22870000000000001,0.2766309477756286,0.0494,0.18539715199999998
2030-06-10 18:00:00,0.1915,0.26334796905222435,0.0031,0.185372284
2030-06-10 19:00:00,0.1849,0.22440967117988395,0.0,0.185347415
2030-06-10 20:00:00,0.1996,0.1910348162475822,0.0,0.185322547
2030-06-10 21:00:00,0.2244,0.18846208897485495,0.0,0.185297679
2030-06-10 22:00:00,0.24780000000000002,0.19082591876208896,0.0,0.18527281
2030-06-10 23:00:00,0.2571,0.20533442940038685,0.0,0.185247942
2030-06-11 00:00:00,0.2554,0.21189961315280464,0.0,0.185223074
2030-06-11 01:00:00,0.2349,0.2100034816247582,0.0,0.185510755
2030-06-11 02:00:00,0.2063,0.2056998065764023,0.0,0.185798435
2030-06-11 03:00:00,0.2108,0.20750309477756287,0.0002,0.18608611600000002
2030-06-11 04:00:00,0.1854,0.1910183752417795,0.0331,0.18637379699999998
2030-06-11 05:00:00,0.236,0.15781179883945842,0.1356,0.18666147800000002
2030-06-11 06:00:00,0.3007,0.14149922630560927,0.2872,0.186949158
2030-06-11 07:00:00,0.3531000000000001,0.1168073500967118,0.4272,0.187236839
2030-06-11 08:00:00,0.3984,0.12436557059961316,0.5353,0.18752452
2030-06-11 09:00:00,0.4245,0.16019458413926502,0.6012,0.187812201
2030-06-11 10:00:00,0.43849999999999995,0.2052570599613153,0.6321,0.18809988100000002
2030-06-11 11:00:00,0.4529,0.24839361702127655,0.6291,0.18838756199999998
2030-06-11 12:00:00,0.4609,0.290884912959381,0.5987,0.18867524300000002
2030-06-11 13:00:00,0.4542,0.32240676982591876,0.5382,0.18896292399999998
2030-06-11 14:00:00,0.4353,0.34397059961315274,0.4462,0.189250604
2030-06-11 15:00:00,0.404,0.34137698259187627,0.3235,0.189538285
2030-06-11 16:00:00,0.364,0.32301044487427466,0.193,0.189825966
2030-06-11 17:00:00,0.3087,0.2780965183752418,0.0759,0.190113647
2030-06-11 18:00:00,0.2366,0.2289733075435203,0.009,0.19040132699999998
2030-06-11 19:00:00,0.2094,0.15575087040618954,0.0,0.19068900800000002
2030-06-11 20:00:00,0.213,0.10084854932301741,0.0,0.19097668899999998
2030-06-11 21:00:00,0.2241,0.07653965183752418,0.0,0.19126437
2030-06-11 22:00:00,0.23650000000000002,0.07267388781431333,0.0,0.19155205100000003
2030-06-11 23:00:00,0.2486,0.07339148936170213,0.0,0.191839731
2030-06-12 00:00:00,0.2658,0.07556131528046423,0.0,0.192127412
2030-06-12 01:00:00,0.2876,0.07345067698259186,0.0,0.192590724
2030-06-12 02:00:00,0.3081,0.07486731141199227,0.0,0.193054035
2030-06-12 03:00:00,0.3104,0.08075357833655707,0.0002,0.193517346
2030-06-12 04:00:00,0.2745,0.07583326885880078,0.0317,0.193980658
2030-06-12 05:00:00,0.3042000000000001,0.08332321083172146,0.1247,0.194443969
2030-06-12 06:00:00,0.4187,0.10905261121856866,0.2535,0.19490728100000002
2030-06-12 07:00:00,0.4713,0.13203636363636365,0.3675,0.19537059199999998
2030-06-12 08:00:00,0.5221000000000001,0.198957833655706,0.453,0.19583390399999998
2030-06-12 09:00:00,0.5969,0.24182050290135398,0.5202,0.196297215
2030-06-12 10:00:00,0.676,0.27935280464216633,0.5581,0.19676052600000002
2030-06-12 11:00:00,0.73,0.30464970986460344,0.5771,0.197223838
2030-06-12 12:00:00,0.7608,0.31949767891682784,0.5732,0.19768714899999998
2030-06-12 13:00:00,0.7590000000000001,0.3317555125725339,0.5308,0.19815046100000003
2030-06-12 14:00:00,0.7282000000000001,0.3368181818181818,0.446,0.198613772
2030-06-12 15:00:00,0.6632,0.338248162475822,0.3339,0.199077084
2030-06-12 16:00:00,0.568,0.33151218568665375,0.1999,0.199540395
2030-06-12 17:00:00,0.4434,0.31244042553191487,0.0789,0.200003706
2030-06-12 18:00:00,0.3131,0.2978756286266924,0.0099,0.200467018
2030-06-12 19:00:00,0.24450000000000002,0.2731624758220503,0.0,0.200930329
2030-06-12 20:00:00,0.22540000000000002,0.25897872340425526,0.0,0.201393641
2030-06-12 21:00:00,0.2163,0.25572707930367505,0.0,0.201856952
2030-06-12 22:00:00,0.2179,0.2579630560928433,0.0,0.20232026399999997
2030-06-12 23:00:00,0.2156,0.26364390715667313,0.0,0.202783575
2030-06-13 00:00:00,0.21240000000000003,0.2814922630560928,0.0,0.203246887
2030-06-13 01:00:00,0.2143,0.2932164410058027,0.0,0.203957931
2030-06-13 02:00:00,0.22130000000000002,0.29606827852998063,0.0,0.204668975
2030-06-13 03:00:00,0.2228,0.281463249516441,0.0005,0.20538002
2030-06-13 04:00:00,0.1937,0.22671063829787233,0.0397,0.206091064
2030-06-13 05:00:00,0.20219999999999996,0.18397833655705995,0.1534,0.20680210899999998
2030-06-13 06:00:00,0.2125,0.121021083172147,0.3052,0.207513153
2030-06-13 07:00:00,0.2188,0.06676034816247582,0.4461,0.208224198
2030-06-13 08:00:00,0.2248,0.06614448742746616,0.5592,0.208935242
2030-06-13 09:00:00,0.237,0.11476943907156673,0.6308,0.209646287
2030-06-13 10:00:00,0.2618,0.16490425531914896,0.6618,0.210357331
2030-06-13 11:00:00,0.3037,0.1870872340425532,0.6574,0.211068376
2030-06-13 12:00:00,0.3448,0.20279168278529983,0.6147,0.21177942
2030-06-13 13:00:00,0.3621,0.22106653771760154,0.5427,0.212490464
2030-06-13 14:00:00,0.3905,0.24283481624758224,0.4485,0.21320150899999998
2030-06-13 15:00:00,0.37970000000000004,0.2585023210831721,0.3333,0.213912553
2030-06-13 16:00:00,0.288,0.2383375241779497,0.2005,0.214623598
2030-06-13 17:00:00,0.2161,0.21748297872340422,0.0803,0.215334642
2030-06-13 18:00:00,0.1835,0.2474974854932302,0.0101,0.216045687
2030-06-13 19:00:00,0.189,0.2857549323017408,0.0,0.216756731
2030-06-13 20:00:00,0.1851,0.29101199226305613,0.0,0.217467776
2030-06-13 21:00:00,0.1812,0.2917972920696325,0.0,0.21817882
2030-06-13 22:00:00,0.1798,0.28427272727272723,0.0,0.218889865
2030-06-13 23:00:00,0.1665,0.2702823984526112,0.0,0.21960090899999998
2030-06-14 00:00:00,0.13990000000000002,0.25271237911025146,0.0,0.22031195399999998
2030-06-14 01:00:00,0.1106,0.23663075435203096,0.0,0.220871729
2030-06-14 02:00:00,0.08299999999999999,0.2217541586073501,0.0,0.22143150399999997
2030-06-14 03:00:00,0.0677,0.21321295938104448,0.0006,0.22199127899999999
2030-06-14 04:00:00,0.04100000000000001,0.18391025145067696,0.0436,0.222551055
2030-06-14 05:00:00,0.015,0.12464158607350097,0.1545,0.22311083
2030-06-14 06:00:00,0.0001,0.07909767891682785,0.2953,0.223670605
2030-06-14 07:00:00,0.0005,0.02765570599613153,0.4252,0.22423038
2030-06-14 08:00:00,0.0101,0.0071785299806576405,0.5266,0.22479015600000002
2030-06-14 09:00:00,0.0175,0.015163636363636365,0.5968,0.225349931
2030-06-14 10:00:00,0.018600000000000002,0.0281495164410058,0.631,0.22590970600000002
2030-06-14 11:00:00,0.0211,0.03661856866537718,0.6292,0.22646948100000003
2030-06-14 12:00:00,0.0226,0.05202417794970987,0.6039,0.22702925699999998
2030-06-14 13:00:00,0.0343,0.07275319148936171,0.5494,0.227589032
2030-06-14 14:00:00,0.0519,0.10541953578336559,0.4628,0.22814880699999998
2030-06-14 15:00:00,0.05949999999999999,0.10606479690522246,0.3455,0.228708582
2030-06-14 16:00:00,0.0601,0.07307582205029013,0.2033,0.229268358
2030-06-14 17:00:00,0.051,0.051459574468085106,0.0779,0.22982813300000002
2030-06-14 18:00:00,0.0349,0.04640058027079303,0.0083,0.230387908
2030-06-14 19:00:00,0.013000000000000001,0.039881818181818185,0.0,0.23094768300000001
2030-06-14 20:00:00,0.006500000000000001,0.035092069632495164,0.0,0.231507459
2030-06-14 21:00:00,0.009300000000000001,0.0297899419729207,0.0,0.23206723399999998
2030-06-14 22:00:00,0.0114,0.018879303675048358,0.0,0.232627009
2030-06-14 23:00:00,0.0118,0.013226305609284334,0.0,0.23318678399999998
2030-06-15 00:00:00,0.0119,0.015483945841392649,0.0,0.23374656
2030-06-15 01:00:00,0.0101,0.03139206963249516,0.0,0.23400696399999998
2030-06-15 02:00:00,0.009300000000000001,0.06049593810444874,0.0,0.23426736899999998
2030-06-15 03:00:00,0.0113,0.07990773694390715,0.0005,0.234527774
2030-06-15 04:00:00,0.014899999999999998,0.0868402321083172,0.0426,0.23478817899999999
2030-06-15 05:00:00,0.014899999999999998,0.07246982591876208,0.1546,0.23504858399999998
2030-06-15 06:00:00,0.015300000000000001,0.047346034816247586,0.3031,0.235308988
2030-06-15 07:00:00,0.0104,0.04323249516441006,0.4471,0.23556939300000002
2030-06-15 08:00:00,0.0122,0.04211934235976789,0.5626,0.235829798
2030-06-15 09:00:00,0.0161,0.04514777562862669,0.6451,0.236090203
2030-06-15 10:00:00,0.029399999999999996,0.0518568665377176,0.6886,0.236350607
2030-06-15 11:00:00,0.04479999999999999,0.06427988394584139,0.6948,0.23661101199999998
2030-06-15 12:00:00,0.0602,0.08094642166344294,0.6646,0.236871417
2030-06-15 13:00:00,0.0771,0.09370812379110251,0.5983,0.237131822
2030-06-15 14:00:00,0.0931,0.09296092843326885,0.4982,0.23739222699999998
2030-06-15 15:00:00,0.1096,0.08838413926499031,0.3678,0.237652631
2030-06-15 16:00:00,0.1293,0.09074352030947776,0.2198,0.23791303600000002
2030-06-15 17:00:00,0.1517,0.11158897485493231,0.0862,0.238173441
2030-06-15 18:00:00,0.1905,0.13758220502901353,0.0109,0.238433846
2030-06-15 19:00:00,0.1812,0.11949845261121857,0.0,0.23869425100000002
2030-06-15 20:00:00,0.1296,0.08995938104448742,0.0,0.238954655
2030-06-15 21:00:00,0.0743,0.08030599613152806,0.0,0.23921506
2030-06-15 22:00:00,0.0484,0.08015705996131528,0.0,0.239475465
2030-06-15 23:00:00,0.0407,0.0852147001934236,0.0,0.23973587
2030-06-16 00:00:00,0.0366,0.09208394584139265,0.0,0.239996275
2030-06-16 01:00:00,0.0331,0.10088007736943908,0.0,0.239951131
2030-06-16 02:00:00,0.029799999999999997,0.1106622823984526,0.0,0.23990598800000001
2030-06-16 03:00:00,0.0299,0.12453539651837525,0.0006,0.239860845
2030-06-16 04:00:00,0.0314,0.12840696324951645,0.0431,0.239815702
2030-06-16 05:00:00,0.0235,0.11074294003868473,0.1563,0.239770559
2030-06-16 06:00:00,0.0419,0.09518549323017408,0.3057,0.23972541600000002
2030-06-16 07:00:00,0.0555,0.0843386847195358,0.449,0.239680272
2030-06-16 08:00:00,0.054,0.07038820116054159,0.5626,0.23963512899999997
2030-06-16 09:00:00,0.0491,0.057673114119922625,0.6424,0.239589986
2030-06-16 10:00:00,0.0402,0.04983984526112186,0.6849,0.239544843
2030-06-16 11:00:00,0.0371,0.05236615087040619,0.6912,0.23949970000000004
2030-06-16 12:00:00,0.038,0.06307098646034817,0.6612,0.23945455699999998
2030-06-16 13:00:00,0.0464,0.07517911025145067,0.5967,0.23940941300000002
2030-06-16 14:00:00,0.0599,0.07644003868471953,0.4966,0.23936427
2030-06-16 15:00:00,0.0736,0.07316731141199226,0.3661,0.239319127
2030-06-16 16:00:00,0.0897,0.06752707930367506,0.2184,0.239273984
2030-06-16 17:00:00,0.11199999999999999,0.07226595744680851,0.0854,0.23922884100000003
2030-06-16 18:00:00,0.11759999999999998,0.07332224371373307,0.011,0.239183698
2030-06-16 19:00:00,0.08129999999999998,0.056234622823984524,0.0,0.23913855399999998
2030-06-16 20:00:00,0.056900000000000006,0.04400773694390716,0.0,0.239093411
2030-06-16 21:00:00,0.0481,0.040969825918762096,0.0,0.239048268
2030-06-16 22:00:00,0.042100000000000005,0.04554061895551257,0.0,0.239003125
2030-06-16 23:00:00,0.0343,0.050612572533849126,0.0,0.23895798199999999
2030-06-17 00:00:00,0.0396,0.05554700193423598,0.0,0.238912839
2030-06-17 01:00:00,0.0451,0.06216827852998065,0.0,0.238699319
2030-06-17 02:00:00,0.0434,0.07044139264990329,0.0,0.23848579999999997
2030-06-17 03:00:00,0.03269999999999999,0.0785531914893617,0.0007,0.238272281
2030-06-17 04:00:00,0.0227,0.07600793036750483,0.0432,0.23805876199999998
2030-06-17 05:00:00,0.0091,0.06163520309477757,0.1542,0.23784524199999998
2030-06-17 06:00:00,0.026099999999999998,0.041458027079303676,0.3002,0.23763172300000002
2030-06-17 07:00:00,0.0259,0.02629439071566731,0.4399,0.237418204
2030-06-17 08:00:00,0.0288,0.01919651837524178,0.5507,0.23720468399999997
2030-06-17 09:00:00,0.039,0.02317098646034816,0.6277,0.236991165
2030-06-17 10:00:00,0.06350000000000001,0.045508317214700195,0.6693,0.236777646
2030-06-17 11:00:00,0.0894,0.06270290135396518,0.6746,0.23656412699999999
2030-06-17 12:00:00,0.12309999999999999,0.07428143133462282,0.644,0.236350607
2030-06-17 13:00:00,0.1553,0.07966170212765958,0.578,0.236137088
2030-06-17 14:00:00,0.1791,0.07974564796905222,0.4789,0.23592356899999997
2030-06-17 15:00:00,0.17809999999999998,0.0770715667311412,0.3525,0.23571005
2030-06-17 16:00:00,0.1595,0.08273404255319149,0.2095,0.23549653
2030-06-17 17:00:00,0.1392,0.08682456479690524,0.0826,0.23528301100000001
2030-06-17 18:00:00,0.12749999999999997,0.07249052224371373,0.0104,0.235069492
2030-06-17 19:00:00,0.0996,0.048569632495164404,0.0,0.234855973
2030-06-17 20:00:00,0.066,0.05106827852998066,0.0,0.234642453
2030-06-17 21:00:00,0.036199999999999996,0.050810638297872336,0.0,0.23442893399999998
2030-06-17 22:00:00,0.0236,0.0495266924564797,0.0,0.234215415
2030-06-17 23:00:00,0.020500000000000004,0.049036557059961315,0.0,0.23400189600000001
2030-06-18 00:00:00,0.0177,0.04889787234042553,0.0,0.23378837600000002
2030-06-18 01:00:00,0.015499999999999998,0.05227234042553191,0.0,0.233484175
2030-06-18 02:00:00,0.014699999999999998,0.059704061895551254,0.0,0.233179973
2030-06-18 03:00:00,0.015300000000000001,0.06425802707930368,0.0007,0.23287577199999998
2030-06-18 04:00:00,0.0161,0.058992649903288195,0.0435,0.23257157
2030-06-18 05:00:00,0.0073,0.039352030947775625,0.1539,0.23226736899999997
2030-06-18 06:00:00,0.004200000000000001,0.014813926499032884,0.3002,0.231963167
2030-06-18 07:00:00,0.0158,0.008596711798839458,0.439,0.231658965
2030-06-18 08:00:00,0.0207,0.00698568665377176,0.5501,0.231354764
2030-06-18 09:00:00,0.0254,0.00894661508704062,0.6268,0.231050562
2030-06-18 10:00:00,0.0317,0.015502514506769824,0.6669,0.230746361
2030-06-18 11:00:00,0.0408,0.02913771760154739,0.672,0.23044215899999998
2030-06-18 12:00:00,0.05959999999999999,0.05250947775628626,0.6407,0.230137958
2030-06-18 13:00:00,0.0931,0.08235531914893618,0.5747,0.22983375600000003
2030-06-18 14:00:00,0.1433,0.10651160541586074,0.4748,0.229529554
2030-06-18 15:00:00,0.19580000000000003,0.10539148936170212,0.3503,0.22922535300000002
2030-06-18 16:00:00,0.2237,0.07166711798839458,0.2057,0.22892115100000002
2030-06-18 17:00:00,0.1996,0.05415705996131528,0.0787,0.22861695
2030-06-18 18:00:00,0.1657,0.0615027079303675,0.0091,0.228312748
2030-06-18 19:00:00,0.1037,0.054501353965183755,0.0,0.228008546
2030-06-18 20:00:00,0.0544,0.04850212765957447,0.0,0.227704345
2030-06-18 21:00:00,0.018699999999999998,0.04058916827852997,0.0,0.227400143
2030-06-18 22:00:00,0.012400000000000001,0.03696557059961315,0.0,0.227095942
2030-06-18 23:00:00,0.0182,0.04766189555125726,0.0,0.22679174
2030-06-19 00:00:00,0.027999999999999997,0.06765261121856866,0.0,0.226487539
2030-06-19 01:00:00,0.0332,0.09118104448742748,0.0,0.226144292
2030-06-19 02:00:00,0.0317,0.11524448742746617,0.0,0.225801046
2030-06-19 03:00:00,0.024800000000000003,0.13181083172147,0.0006,0.225457799
2030-06-19 04:00:00,0.0202,0.12640502901353967,0.042,0.225114553
2030-06-19 05:00:00,0.011,0.082489748549323,0.1506,0.224771306
2030-06-19 06:00:00,0.0252,0.04492630560928433,0.2924,0.22442806
2030-06-19 07:00:00,0.041199999999999994,0.0281495164410058,0.4307,0.224084813
2030-06-19 08:00:00,0.0445,0.01959980657640232,0.5407,0.223741567
2030-06-19 09:00:00,0.0396,0.017825338491295938,0.6178,0.22339832
2030-06-19 10:00:00,0.0395,0.01959980657640232,0.6537,0.223055074
2030-06-19 11:00:00,0.0459,0.02349071566731141,0.6527,0.222711828
2030-06-19 12:00:00,0.0637,0.03500793036750484,0.6154,0.222368581
2030-06-19 13:00:00,0.08409999999999998,0.060596324951644104,0.5481,0.222025335
2030-06-19 14:00:00,0.10620000000000002,0.07256518375241779,0.4506,0.221682088
2030-06-19 15:00:00,0.1325,0.06381025145067698,0.3295,0.22133884199999998
2030-06-19 16:00:00,0.1531,0.05886344294003868,0.193,0.220995595
2030-06-19 17:00:00,0.1511,0.06321586073500968,0.0737,0.220652349
2030-06-19 18:00:00,0.1464,0.0720669245647969,0.0079,0.22030910199999998
2030-06-19 19:00:00,0.1004,0.07329806576402322,0.0,0.21996585600000002
2030-06-19 20:00:00,0.0567,0.07776866537717601,0.0,0.219622609
2030-06-19 21:00:00,0.03629999999999999,0.10695725338491296,0.0,0.219279363
2030-06-19 22:00:00,0.0281,0.1540502901353965,0.0,0.21893611699999999
2030-06-19 23:00:00,0.0239,0.19438936170212767,0.0,0.21859287
2030-06-20 00:00:00,0.0212,0.21592437137330753,0.0,0.21824962399999998
2030-06-20 01:00:00,0.0207,0.22149535783365568,0.0,0.217879766
2030-06-20 02:00:00,0.020599999999999997,0.2228228239845261,0.0,0.21750990899999997
2030-06-20 03:00:00,0.0222,0.2137187620889748,0.0005,0.217140052
2030-06-20 04:00:00,0.0251,0.19222688588007739,0.0391,0.216770195
2030-06-20 05:00:00,0.0141,0.13297311411992263,0.1411,0.216400338
2030-06-20 06:00:00,0.008,0.07934429400386847,0.2699,0.21603048100000002
2030-06-20 07:00:00,0.0242,0.05183133462282399,0.3873,0.215660624
2030-06-20 08:00:00,0.0353,0.029764410058027078,0.4847,0.21529076600000002
2030-06-20 09:00:00,0.0411,0.015373114119922631,0.5608,0.214920909
2030-06-20 10:00:00,0.0484,0.013711798839458415,0.604,0.214551052
2030-06-20 11:00:00,0.0575,0.01766402321083172,0.6065,0.214181195
2030-06-20 12:00:00,0.06460000000000002,0.03532804642166344,0.5771,0.21381133800000002
2030-06-20 13:00:00,0.0692,0.039480270793036745,0.5081,0.21344148100000002
2030-06-20 14:00:00,0.0759,0.02651663442940039,0.4081,0.21307162300000002
2030-06-20 15:00:00,0.0849,0.022473500967117987,0.2912,0.21270176600000001
2030-06-20 16:00:00,0.0832,0.021334042553191494,0.1692,0.21233190899999999
2030-06-20 17:00:00,0.07149999999999998,0.040604255319148935,0.0642,0.21196205199999998
2030-06-20 18:00:00,0.0509,0.04513056092843327,0.0066,0.211592195
2030-06-20 19:00:00,0.0229,0.03456034816247582,0.0,0.211222338
2030-06-20 20:00:00,0.0089,0.024378336557059958,0.0,0.21085248
2030-06-20 21:00:00,0.021299999999999996,0.021010444874274663,0.0,0.210482623
2030-06-20 22:00:00,0.0551,0.02521779497098646,0.0,0.210112766
2030-06-20 23:00:00,0.0987,0.03423500967117988,0.0,0.20974290899999998
2030-06-21 00:00:00,0.12969999999999998,0.04503442940038684,0.0,0.209373052
2030-06-21 01:00:00,0.1492,0.04906634429400387,0.0,0.209000343
2030-06-21 02:00:00,0.1527,0.05180928433268858,0.0,0.208627635
2030-06-21 03:00:00,0.13849999999999998,0.06181992263056092,0.0004,0.208254927
2030-06-21 04:00:00,0.1043,0.07255203094777563,0.0384,0.207882218
2030-06-21 05:00:00,0.0515,0.056028046421663445,0.1398,0.20750951
2030-06-21 06:00:00,0.0367,0.03731141199226305,0.2747,0.20713680199999998
2030-06-21 07:00:00,0.06140000000000001,0.03456034816247582,0.4153,0.20676409399999998
2030-06-21 08:00:00,0.0846,0.0297715667311412,0.5278,0.206391385
2030-06-21 09:00:00,0.1089,0.03243752417794971,0.617,0.20601867699999998
2030-06-21 10:00:00,0.1358,0.05184158607350097,0.6596,0.20564596899999998
2030-06-21 11:00:00,0.16620000000000001,0.0807357833655706,0.6659,0.20527326
2030-06-21 12:00:00,0.2052,0.11909090909090911,0.6321,0.20490055199999999
2030-06-21 13:00:00,0.2526,0.1658073500967118,0.5656,0.204527844
2030-06-21 14:00:00,0.2913,0.2105011605415861,0.468,0.204155135
2030-06-21 15:00:00,0.2964,0.2319553191489362,0.3458,0.203782427
2030-06-21 16:00:00,0.2742,0.23029903288201162,0.2074,0.203409719
2030-06-21 17:00:00,0.2196,0.22167214700193422,0.0824,0.20303701
2030-06-21 18:00:00,0.2016,0.23317949709864605,0.0097,0.202664302
2030-06-21 19:00:00,0.21240000000000003,0.24462340425531914,0.0,0.202291594
2030-06-21 20:00:00,0.2178,0.2650711798839458,0.0,0.201918885
2030-06-21 21:00:00,0.2238,0.2707603481624758,0.0,0.201546177
2030-06-21 22:00:00,0.2313,0.27158665377176017,0.0,0.201173469
2030-06-21 23:00:00,0.2333,0.2744036750483559,0.0,0.20080076100000002
2030-06-22 00:00:00,0.2259,0.2953576402321083,0.0,0.200428052
2030-06-22 01:00:00,0.2097,0.3298924564796905,0.0,0.20009137899999999
2030-06-22 02:00:00,0.18730000000000002,0.3577605415860735,0.0,0.199754706
2030-06-22 03:00:00,0.1568,0.36162572533849124,0.0005,0.199418033
2030-06-22 04:00:00,0.1054,0.3084911025145068,0.0409,0.19908136
2030-06-22 05:00:00,0.12920000000000004,0.2563907156673114,0.1498,0.198744687
2030-06-22 06:00:00,0.2561,0.2934295938104449,0.2911,0.198408014
2030-06-22 07:00:00,0.2083,0.2898162475822051,0.4284,0.198071341
2030-06-22 08:00:00,0.15589999999999998,0.27744719535783363,0.5393,0.197734668
2030-06-22 09:00:00,0.12749999999999997,0.24558413926499031,0.6184,0.197397995
2030-06-22 10:00:00,0.1158,0.21267350096711798,0.6627,0.19706132199999998
2030-06-22 11:00:00,0.1136,0.1945274661508704,0.6699,0.19672464899999997
2030-06-22 12:00:00,0.1175,0.19507350096711798,0.6418,0.196387977
2030-06-22 13:00:00,0.1253,0.20921083172147,0.5763,0.19605130399999998
2030-06-22 14:00:00,0.1323,0.23328839458413925,0.4765,0.19571463100000003
2030-06-22 15:00:00,0.1367,0.2654137330754352,0.3502,0.19537795800000002
2030-06-22 16:00:00,0.136,0.29511818181818184,0.2067,0.195041285
2030-06-22 17:00:00,0.1175,0.29091121856866536,0.0807,0.194704612
2030-06-22 18:00:00,0.0974,0.25258046421663444,0.0102,0.194367939
2030-06-22 19:00:00,0.0756,0.20210580270793035,0.0,0.194031266
2030-06-22 20:00:00,0.0487,0.16614661508704062,0.0,0.193694593
2030-06-22 21:00:00,0.037,0.1599938104448743,0.0,0.19335792
2030-06-22 22:00:00,0.0359,0.1700882011605416,0.0,0.19302124699999998
2030-06-22 23:00:00,0.0406,0.18633075435203095,0.0,0.192684574
2030-06-23 00:00:00,0.0422,0.20631528046421665,0.0,0.19234790100000002
2030-06-23 01:00:00,0.041499999999999995,0.22860309477756285,0.0,0.19206489300000001
2030-06-23 02:00:00,0.0389,0.24447330754352029,0.0,0.191781885
2030-06-23 03:00:00,0.033600000000000005,0.24678974854932303,0.0003,0.19149887699999998
2030-06-23 04:00:00,0.0272,0.20833172147001933,0.0372,0.19121586899999998
2030-06-23 05:00:00,0.014699999999999998,0.12684448742746615,0.1374,0.190932861
2030-06-23 06:00:00,0.0146,0.08825686653771761,0.2713,0.190649853
2030-06-23 07:00:00,0.0154,0.05745125725338491,0.4004,0.19036684399999998
2030-06-23 08:00:00,0.0192,0.04375570599613152,0.5102,0.190083836
2030-06-23 09:00:00,0.0256,0.040036170212765954,0.5926,0.189800828
2030-06-23 10:00:00,0.0356,0.03967330754352031,0.6292,0.18951782
2030-06-23 11:00:00,0.0484,0.055038491295938095,0.6318,0.189234812
2030-06-23 12:00:00,0.064,0.06740270793036751,0.598,0.18895180399999997
2030-06-23 13:00:00,0.0751,0.08310290135396518,0.5416,0.18866879600000003
2030-06-23 14:00:00,0.0791,0.10400793036750483,0.4507,0.188385788
2030-06-23 15:00:00,0.0764,0.11784700193423597,0.3324,0.18810278
2030-06-23 16:00:00,0.0613,0.11333965183752419,0.1971,0.187819772
2030-06-23 17:00:00,0.0404,0.10497040618955514,0.0779,0.187536764
2030-06-23 18:00:00,0.025300000000000003,0.0982502901353965,0.0098,0.18725375600000002
2030-06-23 19:00:00,0.0113,0.07802050290135397,0.0,0.18697074800000002
2030-06-23 20:00:00,0.0031000000000000003,0.06785938104448742,0.0,0.18668774
2030-06-23 21:00:00,0.0012,0.08035764023210831,0.0,0.186404732
2030-06-23 22:00:00,0.005,0.09555899419729207,0.0,0.186121724
2030-06-23 23:00:00,0.0132,0.10945764023210831,0.0,0.18583871600000001
2030-06-24 00:00:00,0.0236,0.12323984526112187,0.0,0.185555708
2030-06-24 01:00:00,0.0301,0.1337174081237911,0.0,0.185494353
2030-06-24 02:00:00,0.0325,0.14620560928433268,0.0,0.185432997
2030-06-24 03:00:00,0.0329,0.16402340425531914,0.0004,0.185371642
2030-06-24 04:00:00,0.0268,0.16475744680851065,0.0367,0.185310287
2030-06-24 05:00:00,0.0271,0.12154216634429402,0.1337,0.185248932
2030-06-24 06:00:00,0.0268,0.09916711798839459,0.2691,0.185187577
2030-06-24 07:00:00,0.0284,0.07482127659574468,0.3968,0.18512622199999998
2030-06-24 08:00:00,0.0325,0.051583172147001935,0.5097,0.185064867
2030-06-24 09:00:00,0.0354,0.03934042553191489,0.5927,0.18500351199999998
2030-06-24 10:00:00,0.037200000000000004,0.03485029013539652,0.6381,0.184942157
2030-06-24 11:00:00,0.042,0.03173384912959381,0.6417,0.184880801
2030-06-24 12:00:00,0.049,0.03360715667311412,0.6106,0.18481944600000003
2030-06-24 13:00:00,0.0604,0.03875280464216634,0.5483,0.184758091
2030-06-24 14:00:00,0.07,0.04339013539651838,0.4537,0.18469673600000003
2030-06-24 15:00:00,0.0787,0.05085435203094778,0.3317,0.18463538100000002
2030-06-24 16:00:00,0.07739999999999998,0.056325531914893624,0.1973,0.184574026
2030-06-24 17:00:00,0.06929999999999999,0.06092998065764024,0.0783,0.18451267100000002
2030-06-24 18:00:00,0.0529,0.07017350096711798,0.0087,0.184451316
2030-06-24 19:00:00,0.026099999999999998,0.08192514506769825,0.0,0.18438996100000002
2030-06-24 20:00:00,0.0079,0.10752572533849128,0.0,0.184328605
2030-06-24 21:00:00,0.0081,0.13517969052224374,0.0,0.18426725
2030-06-24 22:00:00,0.0234,0.16431528046421665,0.0,0.184205895
2030-06-24 23:00:00,0.0414,0.1834483558994197,0.0,0.18414454
2030-06-25 00:00:00,0.051,0.19054816247582204,0.0,0.184083185
2030-06-25 01:00:00,0.0547,0.19010444874274665,0.0,0.184186658
2030-06-25 02:00:00,0.0559,0.18722417794970989,0.0,0.18429013100000002
2030-06-25 03:00:00,0.059,0.17838897485493233,0.0005,0.184393604
2030-06-25 04:00:00,0.055,0.15238665377176017,0.0387,0.18449707699999998
2030-06-25 05:00:00,0.042,0.08895261121856865,0.138,0.18460055
2030-06-25 06:00:00,0.05170000000000001,0.029559961315280464,0.2671,0.184704022
2030-06-25 07:00:00,0.0689,0.018822050290135398,0.4007,0.184807495
2030-06-25 08:00:00,0.0954,0.029052804642166342,0.5135,0.184910968
2030-06-25 09:00:00,0.12309999999999999,0.04585222437137331,0.6005,0.185014441
2030-06-25 10:00:00,0.15479999999999997,0.07428568665377176,0.6499,0.185117914
2030-06-25 11:00:00,0.1913,0.10751663442940039,0.6563,0.185221387
2030-06-25 12:00:00,0.22540000000000002,0.13445628626692455,0.6239,0.18532486
2030-06-25 13:00:00,0.25400000000000006,0.15512398452611217,0.56,0.185428333
2030-06-25 14:00:00,0.2571,0.17760812379110255,0.459,0.185531805
2030-06-25 15:00:00,0.24810000000000001,0.18744835589941974,0.3358,0.18563527800000001
2030-06-25 16:00:00,0.2288,0.18365744680851065,0.1986,0.185738751
2030-06-25 17:00:00,0.2025,0.16585145067698256,0.077,0.18584222399999997
2030-06-25 18:00:00,0.1818,0.16055357833655706,0.0094,0.185945697
2030-06-25 19:00:00,0.1805,0.16275957446808512,0.0,0.18604917
2030-06-25 20:00:00,0.17479999999999998,0.1553237911025145,0.0,0.186152643
2030-06-25 21:00:00,0.1769,0.14138684719535785,0.0,0.18625611600000003
2030-06-25 22:00:00,0.172,0.12807040618955512,0.0,0.186359589
2030-06-25 23:00:00,0.1733,0.11509845261121857,0.0,0.186463061
2030-06-26 00:00:00,0.1767,0.11298123791102516,0.0,0.18656653399999998
2030-06-26 01:00:00,0.1733,0.12556557059961315,0.0,0.186640435
2030-06-26 02:00:00,0.16510000000000002,0.18648897485493232,0.0,0.186714335
2030-06-26 03:00:00,0.1429,0.19936518375241777,0.0005,0.186788235
2030-06-26 04:00:00,0.089,0.17484139264990328,0.0391,0.186862135
2030-06-26 05:00:00,0.0558,0.13452978723404255,0.1419,0.186936035
2030-06-26 06:00:00,0.0331,0.10701102514506769,0.2802,0.187009935
2030-06-26 07:00:00,0.0337,0.09395531914893616,0.4189,0.187083835
2030-06-26 08:00:00,0.0441,0.09479284332688588,0.5329,0.18715773600000002
2030-06-26 09:00:00,0.0532,0.1053359767891683,0.6148,0.187231636
2030-06-26 10:00:00,0.0628,0.11989729206963251,0.6564,0.18730553600000002
2030-06-26 11:00:00,0.0948,0.13902321083172148,0.6538,0.187379436
2030-06-26 12:00:00,0.1464,0.15722804642166344,0.6203,0.18745333600000003
2030-06-26 13:00:00,0.1976,0.1691835589941973,0.55,0.187527236
2030-06-26 14:00:00,0.25189999999999996,0.17074003868471954,0.4538,0.187601137
2030-06-26 15:00:00,0.2615,0.1665189555125725,0.333,0.187675037
2030-06-26 16:00:00,0.2188,0.15887079303675047,0.1999,0.187748937
2030-06-26 17:00:00,0.1791,0.137826499032882,0.0795,0.187822837
2030-06-26 18:00:00,0.149,0.12418220502901356,0.0094,0.18789673699999998
2030-06-26 19:00:00,0.1284,0.1414330754352031,0.0,0.187970637
2030-06-26 20:00:00,0.0945,0.1662570599613153,0.0,0.18804453699999998
2030-06-26 21:00:00,0.07330000000000002,0.19132263056092846,0.0,0.188118438
2030-06-26 22:00:00,0.0717,0.20194352030947776,0.0,0.18819233800000001
2030-06-26 23:00:00,0.0713,0.20927234042553192,0.0,0.188266238
2030-06-27 00:00:00,0.07739999999999998,0.2094411992263056,0.0,0.18834013800000002
2030-06-27 01:00:00,0.0884,0.20840715667311413,0.0,0.188303105
2030-06-27 02:00:00,0.0935,0.1996661508704062,0.0,0.18826607199999998
2030-06-27 03:00:00,0.0945,0.1870601547388781,0.0005,0.18822903800000002
2030-06-27 04:00:00,0.0826,0.16230812379110252,0.0397,0.188192005
2030-06-27 05:00:00,0.122,0.1311678916827853,0.1477,0.188154972
2030-06-27 06:00:00,0.14519999999999997,0.12963617021276597,0.2922,0.18811793899999998
2030-06-27 07:00:00,0.1473,0.11519245647969051,0.4303,0.188080905
2030-06-27 08:00:00,0.13990000000000002,0.10857949709864603,0.5361,0.188043872
2030-06-27 09:00:00,0.1347,0.10805067698259187,0.6084,0.18800683899999998
2030-06-27 10:00:00,0.1305,0.11321218568665378,0.6479,0.18796980600000002
2030-06-27 11:00:00,0.1323,0.12785551257253383,0.6535,0.187932772
2030-06-27 12:00:00,0.1382,0.14358201160541587,0.6205,0.18789573899999998
2030-06-27 13:00:00,0.1418,0.1578245647969052,0.5566,0.18785870600000001
2030-06-27 14:00:00,0.1384,0.16157582205029017,0.4597,0.187821673
2030-06-27 15:00:00,0.1295,0.1543733075435203,0.3376,0.18778464
2030-06-27 16:00:00,0.1194,0.14372688588007734,0.2006,0.187747606
2030-06-27 17:00:00,0.10549999999999998,0.13432301740812377,0.08,0.18771057300000002
2030-06-27 18:00:00,0.1078,0.11808936170212764,0.0094,0.18767354
2030-06-27 19:00:00,0.0943,0.10150618955512573,0.0,0.18763650699999998
2030-06-27 20:00:00,0.0629,0.09314738878143135,0.0,0.18759947300000002
2030-06-27 21:00:00,0.04100000000000001,0.08915957446808512,0.0,0.18756244
2030-06-27 22:00:00,0.0274,0.08652688588007737,0.0,0.187525407
2030-06-27 23:00:00,0.0195,0.0823007736943907,0.0,0.18748837399999999
2030-06-28 00:00:00,0.0163,0.07866615087040618,0.0,0.18745134
2030-06-28 01:00:00,0.016899999999999995,0.07534932301740813,0.0,0.187329264
2030-06-28 02:00:00,0.0188,0.06967775628626692,0.0,0.187207187
2030-06-28 03:00:00,0.0196,0.062069052224371375,0.0005,0.18708511100000003
2030-06-28 04:00:00,0.014899999999999998,0.04474429400386847,0.0389,0.18696303399999997
2030-06-28 05:00:00,0.0057,0.029799032882011606,0.1453,0.186840957
2030-06-28 06:00:00,0.010800000000000002,0.025696131528046423,0.2845,0.186718881
2030-06-28 07:00:00,0.0266,0.02581044487427466,0.4209,0.18659680399999998
2030-06-28 08:00:00,0.037,0.030488588007736947,0.5312,0.18647472699999998
2030-06-28 09:00:00,0.0388,0.04250657640232108,0.6139,0.186352651
2030-06-28 10:00:00,0.0403,0.06250967117988394,0.6531,0.18623057399999998
2030-06-28 11:00:00,0.04320000000000001,0.08606170212765957,0.6525,0.186108498
2030-06-28 12:00:00,0.0514,0.1066294003868472,0.6088,0.185986421
2030-06-28 13:00:00,0.06649999999999999,0.1125980657640232,0.5344,0.185864344
2030-06-28 14:00:00,0.0801,0.10993636363636364,0.4354,0.18574226800000002
2030-06-28 15:00:00,0.0812,0.1049936170212766,0.3123,0.18562019100000002
2030-06-28 16:00:00,0.06819999999999998,0.10393636363636365,0.1822,0.185498114
2030-06-28 17:00:00,0.061,0.10574932301740812,0.0695,0.18537603800000002
2030-06-28 18:00:00,0.0508,0.10117756286266925,0.007,0.18525396100000002
2030-06-28 19:00:00,0.0423,0.08054796905222436,0.0,0.185131885
2030-06-28 20:00:00,0.039700000000000006,0.06532688588007737,0.0,0.185009808
2030-06-28 21:00:00,0.045,0.055899613152804645,0.0,0.18488773100000003
2030-06-28 22:00:00,0.0639,0.04617369439071567,0.0,0.184765655
2030-06-28 23:00:00,0.0862,0.03880909090909091,0.0,0.184643578
2030-06-29 00:00:00,0.1013,0.03102514506769826,0.0,0.184521501
2030-06-29 01:00:00,0.10900000000000001,0.023460541586073504,0.0,0.184364633
2030-06-29 02:00:00,0.10450000000000001,0.01852147001934236,0.0,0.184207764
2030-06-29 03:00:00,0.0806,0.01773056092843327,0.0003,0.18405089600000002
2030-06-29 04:00:00,0.0467,0.0175458413926499,0.0363,0.183894027
2030-06-29 05:00:00,0.0204,0.011737524177949711,0.138,0.18373715899999998
2030-06-29 06:00:00,0.0111,0.011715667311411992,0.2674,0.18358029
2030-06-29 07:00:00,0.0158,0.01253907156673114,0.3964,0.183423422
2030-06-29 08:00:00,0.0194,0.01608916827852998,0.5042,0.183266553
2030-06-29 09:00:00,0.023,0.022280851063829786,0.5824,0.183109685
2030-06-29 10:00:00,0.030300000000000004,0.030165957446808514,0.6226,0.18295281600000002
2030-06-29 11:00:00,0.0405,0.04315183752417795,0.6285,0.182795948
2030-06-29 12:00:00,0.0553,0.058718762088974856,0.6028,0.18263907899999998
2030-06-29 13:00:00,0.0713,0.07614081237911025,0.5422,0.18248221
2030-06-29 14:00:00,0.08530000000000001,0.08985261121856866,0.4506,0.182325342
2030-06-29 15:00:00,0.0928,0.09200773694390717,0.3305,0.182168473
2030-06-29 16:00:00,0.0915,0.08618936170212765,0.196,0.182011605
2030-06-29 17:00:00,0.0836,0.08402127659574468,0.0763,0.18185473600000002
2030-06-29 18:00:00,0.0782,0.08086228239845263,0.0079,0.181697868
2030-06-29 19:00:00,0.0629,0.058885493230174085,0.0,0.18154099899999998
2030-06-29 20:00:00,0.042100000000000005,0.0428661508704062,0.0,0.181384131
2030-06-29 21:00:00,0.025300000000000003,0.03736943907156673,0.0,0.181227262
2030-06-29 22:00:00,0.0166,0.03666711798839459,0.0,0.181070394
2030-06-29 23:00:00,0.0121,0.03923191489361702,0.0,0.180913525
2030-06-30 00:00:00,0.008400000000000001,0.04606170212765957,0.0,0.18075665600000002
2030-06-30 01:00:00,0.0051,0.05815241779497099,0.0,0.180607961
2030-06-30 02:00:00,0.0018999999999999998,0.078915667311412,0.0,0.180459266
2030-06-30 03:00:00,0.001,0.09891663442940038,0.0004,0.180310571
2030-06-30 04:00:00,0.0021000000000000003,0.10591353965183753,0.037,0.180161875
2030-06-30 05:00:00,0.0013,0.07847949709864603,0.14,0.18001318
2030-06-30 06:00:00,0.0077,0.05900096711798839,0.2773,0.179864485
2030-06-30 07:00:00,0.014899999999999998,0.050148355899419725,0.4139,0.17971579
2030-06-30 08:00:00,0.020599999999999997,0.039372533849129594,0.5247,0.17956709399999998
2030-06-30 09:00:00,0.0263,0.024148742746615087,0.6141,0.17941839899999998
2030-06-30 10:00:00,0.033,0.010827466150870407,0.6548,0.17926970399999997
2030-06-30 11:00:00,0.0408,0.02000309477756286,0.6604,0.179121009
2030-06-30 12:00:00,0.0526,0.022342166344294003,0.6253,0.178972313
2030-06-30 13:00:00,0.068,0.025487814313346232,0.5616,0.17882361800000002
2030-06-30 14:00:00,0.0845,0.03171779497098646,0.4648,0.178674923
2030-06-30 15:00:00,0.09420000000000002,0.039683558994197295,0.3386,0.178526228
2030-06-30 16:00:00,0.0873,0.04541025145067698,0.1987,0.178377532
2030-06-30 17:00:00,0.0706,0.058234816247582206,0.075,0.178228837
2030-06-30 18:00:00,0.0621,0.05510754352030948,0.0072,0.178080142
2030-06-30 19:00:00,0.0513,0.0414798839458414,0.0,0.177931447
2030-06-30 20:00:00,0.0428,0.03156266924564797,0.0,0.17778275100000002
2030-06-30 21:00:00,0.03379999999999999,0.015902321083172143,0.0,0.177634056
2030-06-30 22:00:00,0.0246,0.009204448742746613,0.0,0.177485361
2030-06-30 23:00:00,0.0182,0.009956673114119923,0.0,0.177336666
2030-07-01 00:00:00,0.0148,0.012589555125725335,0.0,0.17718797
2030-07-01 01:00:00,0.0126,0.021517214700193424,0.0,0.177025035
2030-07-01 02:00:00,0.0105,0.033441199226305604,0.0,0.17686210000000002
2030-07-01 03:00:00,0.0075,0.044375435203094775,0.0003,0.176699165
2030-07-01 04:00:00,0.0063,0.05106769825918762,0.036,0.17653623
2030-07-01 05:00:00,0.0017,0.035088201160541586,0.1384,0.176373295
2030-07-01 06:00:00,0.0039000000000000003,0.010362088974854931,0.2742,0.17621036
2030-07-01 07:00:00,0.0081,0.005941392649903288,0.404,0.17604742399999998
2030-07-01 08:00:00,0.0095,0.0031564796905222438,0.5108,0.17588448899999998
2030-07-01 09:00:00,0.0111,0.0057357833655705985,0.5787,0.17572155399999997
2030-07-01 10:00:00,0.0208,0.009511025145067697,0.6036,0.17555861899999997
2030-07-01 11:00:00,0.036199999999999996,0.022987427466150873,0.5905,0.175395684
2030-07-01 12:00:00,0.0562,0.03815106382978724,0.5586,0.175232749
2030-07-01 13:00:00,0.0811,0.05477195357833656,0.4944,0.175069814
2030-07-01 14:00:00,0.1053,0.08024390715667312,0.4041,0.17490687800000002
2030-07-01 15:00:00,0.11899999999999998,0.09461373307543519,0.2864,0.174743943
2030-07-01 16:00:00,0.1184,0.10026924564796906,0.1689,0.174581008
2030-07-01 17:00:00,0.1091,0.100915667311412,0.0661,0.174418073
2030-07-01 18:00:00,0.09420000000000002,0.09818781431334622,0.0063,0.174255138
2030-07-01 19:00:00,0.0631,0.0849448742746615,0.0,0.174092203
2030-07-01 20:00:00,0.0391,0.06835435203094778,0.0,0.173929267
2030-07-01 21:00:00,0.027,0.05564854932301741,0.0,0.173766332
2030-07-01 22:00:00,0.0251,0.053240038684719534,0.0,0.173603397
2030-07-01 23:00:00,0.0345,0.05719748549323017,0.0,0.173440462
2030-07-02 00:00:00,0.0502,0.06343771760154739,0.0,0.173277527
2030-07-02 01:00:00,0.06180000000000001,0.06889361702127661,0.0,0.173076695
2030-07-02 02:00:00,0.0711,0.07290058027079303,0.0,0.172875864
2030-07-02 03:00:00,0.06230000000000001,0.0707220502901354,0.0002,0.172675032
2030-07-02 04:00:00,0.04320000000000001,0.06812591876208897,0.034,0.17247420000000002
2030-07-02 05:00:00,0.0239,0.06224371373307544,0.1315,0.17227336899999998
2030-07-02 06:00:00,0.0079,0.07781856866537717,0.2627,0.172072537
2030-07-02 07:00:00,0.0043,0.07340058027079303,0.3906,0.171871705
2030-07-02 08:00:00,0.0072,0.06629980657640232,0.4936,0.17167087399999997
2030-07-02 09:00:00,0.0142,0.06405647969052225,0.5634,0.171470042
2030-07-02 10:00:00,0.0258,0.0635705996131528,0.6039,0.17126921
2030-07-02 11:00:00,0.0442,0.06468181818181819,0.6091,0.171068379
2030-07-02 12:00:00,0.0765,0.07772707930367505,0.5789,0.17086754699999998
2030-07-02 13:00:00,0.11490000000000002,0.08829206963249517,0.523,0.170666715
2030-07-02 14:00:00,0.1597,0.09197311411992264,0.4317,0.17046588399999998
2030-07-02 15:00:00,0.196,0.0876065764023211,0.3132,0.170265052
2030-07-02 16:00:00,0.23970000000000002,0.09203133462282398,0.1836,0.17006422100000002
2030-07-02 17:00:00,0.2023,0.09125841392649904,0.0697,0.16986338899999998
2030-07-02 18:00:00,0.1587,0.0879889748549323,0.0068,0.169662557
2030-07-02 19:00:00,0.1256,0.08754970986460348,0.0,0.169461726
2030-07-02 20:00:00,0.1084,0.09164139264990329,0.0,0.169260894
2030-07-02 21:00:00,0.1097,0.09804661508704063,0.0,0.16906006199999998
2030-07-02 22:00:00,0.1168,0.09588974854932301,0.0,0.16885923100000003
2030-07-02 23:00:00,0.1169,0.09442108317214701,0.0,0.168658399
2030-07-03 00:00:00,0.11419999999999998,0.09685377176015474,0.0,0.168457567
2030-07-03 01:00:00,0.11419999999999998,0.09297852998065763,0.0,0.168255088
2030-07-03 02:00:00,0.1172,0.09102263056092842,0.0,0.168052609
2030-07-03 03:00:00,0.1316,0.08925029013539651,0.0002,0.16785013
2030-07-03 04:00:00,0.1166,0.08707756286266925,0.0352,0.167647651
2030-07-03 05:00:00,0.1019,0.07192243713733075,0.1367,0.167445172
2030-07-03 06:00:00,0.10510000000000001,0.05452998065764024,0.2722,0.167242693
2030-07-03 07:00:00,0.1066,0.039123017408123795,0.4084,0.167040214
2030-07-03 08:00:00,0.1128,0.026759767891682783,0.5222,0.166837736
2030-07-03 09:00:00,0.1166,0.02834429400386847,0.6045,0.16663525699999998
2030-07-03 10:00:00,0.11309999999999999,0.04729381044487428,0.6497,0.166432778
2030-07-03 11:00:00,0.1135,0.07259477756286267,0.6554,0.166230299
2030-07-03 12:00:00,0.1177,0.09974429400386847,0.626,0.16602782
2030-07-03 13:00:00,0.11990000000000002,0.12396750483558992,0.5547,0.165825341
2030-07-03 14:00:00,0.1144,0.13457562862669248,0.4572,0.16562286199999998
2030-07-03 15:00:00,0.1021,0.12735841392649905,0.3338,0.165420383
2030-07-03 16:00:00,0.0912,0.11400793036750484,0.199,0.165217904
2030-07-03 17:00:00,0.09140000000000001,0.10305125725338492,0.077,0.165015425
2030-07-03 18:00:00,0.10120000000000001,0.1005154738878143,0.0082,0.164812946
2030-07-03 19:00:00,0.1029,0.07610174081237911,0.0,0.16461046699999998
2030-07-03 20:00:00,0.0947,0.05159632495164411,0.0,0.164407988
2030-07-03 21:00:00,0.084,0.03626460348162476,0.0,0.164205509
2030-07-03 22:00:00,0.08,0.02772495164410058,0.0,0.16400303
2030-07-03 23:00:00,0.0761,0.023889748549323016,0.0,0.163800551
2030-07-04 00:00:00,0.0749,0.0240137330754352,0.0,0.16359807199999998
2030-07-04 01:00:00,0.07440000000000001,0.022474274661508704,0.0,0.163436364
2030-07-04 02:00:00,0.0728,0.02299110251450677,0.0,0.163274657
2030-07-04 03:00:00,0.07160000000000001,0.022929206963249515,0.0003,0.163112949
2030-07-04 04:00:00,0.0559,0.024055705996131528,0.0377,0.162951242
2030-07-04 05:00:00,0.0396,0.0158183752417795,0.1425,0.162789534
2030-07-04 06:00:00,0.0367,0.015163636363636365,0.2827,0.162627826
2030-07-04 07:00:00,0.0579,0.022419535783365568,0.4094,0.162466119
2030-07-04 08:00:00,0.07220000000000001,0.03606963249516441,0.503,0.162304411
2030-07-04 09:00:00,0.0749,0.06122050290135396,0.5584,0.162142704
2030-07-04 10:00:00,0.0798,0.0919257253384913,0.5848,0.161980996
2030-07-04 11:00:00,0.0877,0.11830348162475823,0.588,0.161819289
2030-07-04 12:00:00,0.09920000000000001,0.13929245647969055,0.5586,0.161657581
2030-07-04 13:00:00,0.11120000000000001,0.15051605415860733,0.4967,0.161495873
2030-07-04 14:00:00,0.12519999999999998,0.15794584139264992,0.4029,0.161334166
2030-07-04 15:00:00,0.1358,0.16039497098646033,0.2831,0.16117245800000002
2030-07-04 16:00:00,0.1445,0.1458882011605416,0.1568,0.161010751
2030-07-04 17:00:00,0.15210000000000004,0.12164777562862669,0.0548,0.160849043
2030-07-04 18:00:00,0.1563,0.0987852998065764,0.0042,0.160687336
2030-07-04 19:00:00,0.11930000000000002,0.06851431334622823,0.0,0.160525628
2030-07-04 20:00:00,0.0924,0.04583056092843327,0.0,0.16036392
2030-07-04 21:00:00,0.0721,0.03228878143133462,0.0,0.160202213
2030-07-04 22:00:00,0.0637,0.02686402321083172,0.0,0.160040505
2030-07-04 23:00:00,0.0628,0.024280077369439074,0.0,0.15987879800000002
2030-07-05 00:00:00,0.0655,0.02419129593810445,0.0,0.15971709
2030-07-05 01:00:00,0.0708,0.025426885880077372,0.0,0.159596257
2030-07-05 02:00:00,0.0777,0.02848839458413927,0.0,0.159475424
2030-07-05 03:00:00,0.08299999999999999,0.028708704061895553,0.0002,0.159354591
2030-07-05 04:00:00,0.0653,0.026102901353965185,0.0362,0.159233757
2030-07-05 05:00:00,0.04859999999999999,0.02387137330754352,0.1373,0.15911292400000002
2030-07-05 06:00:00,0.0425,0.03030715667311412,0.2704,0.158992091
2030-07-05 07:00:00,0.04460000000000001,0.04699748549323018,0.3982,0.15887125800000002
2030-07-05 08:00:00,0.0514,0.06065454545454546,0.5056,0.158750425
2030-07-05 09:00:00,0.055999999999999994,0.07202727272727273,0.5797,0.158629591
2030-07-05 10:00:00,0.0638,0.07823791102514506,0.6138,0.158508758
2030-07-05 11:00:00,0.0801,0.08307736943907156,0.6151,0.158387925
2030-07-05 12:00:00,0.0968,0.08599342359767892,0.5835,0.158267092
2030-07-05 13:00:00,0.1082,0.09585880077369438,0.5185,0.158146258
2030-07-05 14:00:00,0.1163,0.10174874274661509,0.4293,0.158025425
2030-07-05 15:00:00,0.1208,0.10687485493230174,0.3179,0.15790459199999998
2030-07-05 16:00:00,0.1263,0.11063423597678917,0.1898,0.157783759
2030-07-05 17:00:00,0.1376,0.11183481624758222,0.0731,0.157662926
2030-07-05 18:00:00,0.1489,0.10711489361702128,0.0068,0.157542092
2030-07-05 19:00:00,0.1456,0.0835429400386847,0.0,0.157421259
2030-07-05 20:00:00,0.12299999999999998,0.05982707930367504,0.0,0.157300426
2030-07-05 21:00:00,0.1038,0.04224042553191489,0.0,0.157179593
2030-07-05 22:00:00,0.0934,0.028629206963249512,0.0,0.15705876
2030-07-05 23:00:00,0.0955,0.019400773694390715,0.0,0.156937926
2030-07-06 00:00:00,0.1054,0.014842746615087039,0.0,0.15681709300000002
2030-07-06 01:00:00,0.1173,0.013552224371373307,0.0,0.156719901
2030-07-06 02:00:00,0.1285,0.01570947775628627,0.0,0.156622708
2030-07-06 03:00:00,0.1293,0.017972533849129595,0.0002,0.156525516
2030-07-06 04:00:00,0.1028,0.020046615087040618,0.0334,0.156428323
2030-07-06 05:00:00,0.1173,0.018006963249516443,0.13,0.15633113099999998
2030-07-06 06:00:00,0.1097,0.01998916827852998,0.2557,0.15623393900000002
2030-07-06 07:00:00,0.1014,0.028778336557059966,0.3815,0.156136746
2030-07-06 08:00:00,0.1052,0.03788646034816247,0.4874,0.156039554
2030-07-06 09:00:00,0.12439999999999997,0.046862088974854936,0.5535,0.155942361
2030-07-06 10:00:00,0.1586,0.05347601547388781,0.5877,0.155845169
2030-07-06 11:00:00,0.1885,0.06275164410058028,0.5897,0.15574797599999998
2030-07-06 12:00:00,0.2058,0.07436634429400386,0.5616,0.15565078400000001
2030-07-06 13:00:00,0.2192,0.08219013539651839,0.508,0.155553591
2030-07-06 14:00:00,0.2263,0.08702959381044488,0.424,0.155456399
2030-07-06 15:00:00,0.2338,0.09543036750483558,0.3146,0.155359207
2030-07-06 16:00:00,0.23640000000000003,0.10114313346228239,0.1897,0.155262014
2030-07-06 17:00:00,0.22240000000000001,0.10427620889748548,0.0729,0.15516482199999998
2030-07-06 18:00:00,0.20109999999999997,0.10283597678916828,0.0075,0.155067629
2030-07-06 19:00:00,0.1805,0.09176557059961316,0.0,0.154970437
2030-07-06 20:00:00,0.1741,0.08471083172147004,0.0,0.154873244
2030-07-06 21:00:00,0.1697,0.0817019342359768,0.0,0.154776052
2030-07-06 22:00:00,0.1665,0.07945299806576403,0.0,0.154678859
2030-07-06 23:00:00,0.16950000000000004,0.08015531914893619,0.0,0.154581667
2030-07-07 00:00:00,0.1666,0.09248123791102515,0.0,0.154484475
2030-07-07 01:00:00,0.1581,0.11533249516441006,0.0,0.154433574
2030-07-07 02:00:00,0.1458,0.12822765957446808,0.0,0.154382673
2030-07-07 03:00:00,0.1343,0.12292030947775627,0.0002,0.154331772
2030-07-07 04:00:00,0.0967,0.10895667311411993,0.0348,0.15428087099999999
2030-07-07 05:00:00,0.05450000000000001,0.08910560928433267,0.1402,0.15422997
2030-07-07 06:00:00,0.0501,0.06674893617021276,0.2844,0.154179069
2030-07-07 07:00:00,0.0404,0.06224622823984526,0.426,0.154128168
2030-07-07 08:00:00,0.0333,0.05767852998065764,0.5437,0.154077267
2030-07-07 09:00:00,0.030399999999999996,0.06020406189555125,0.6259,0.154026366
2030-07-07 10:00:00,0.0318,0.07191740812379112,0.6688,0.153975466
2030-07-07 11:00:00,0.0359,0.09122379110251451,0.6754,0.153924565
2030-07-07 12:00:00,0.043699999999999996,0.11090425531914894,0.6471,0.153873664
2030-07-07 13:00:00,0.0524,0.12768104448742745,0.5839,0.153822763
2030-07-07 14:00:00,0.0684,0.13324642166344294,0.4855,0.15377186199999998
2030-07-07 15:00:00,0.07220000000000001,0.13139129593810445,0.358,0.153720961
2030-07-07 16:00:00,0.0649,0.12418684719535782,0.2137,0.15367006
2030-07-07 17:00:00,0.0509,0.11674990328820117,0.0823,0.153619159
2030-07-07 18:00:00,0.0346,0.134052998065764,0.009,0.153568258
2030-07-07 19:00:00,0.0165,0.1508644100580271,0.0,0.153517357
2030-07-07 20:00:00,0.008400000000000001,0.18023829787234041,0.0,0.153466457
2030-07-07 21:00:00,0.011199999999999998,0.2234618955512572,0.0,0.153415556
2030-07-07 22:00:00,0.0172,0.23629980657640237,0.0,0.153364655
2030-07-07 23:00:00,0.024299999999999995,0.22957040618955513,0.0,0.153313754
2030-07-08 00:00:00,0.0317,0.2164558994197292,0.0,0.153262853
2030-07-08 01:00:00,0.03629999999999999,0.2067669245647969,0.0,0.153223737
2030-07-08 02:00:00,0.03629999999999999,0.19366557059961315,0.0,0.153184621
2030-07-08 03:00:00,0.032,0.1785073500967118,0.0003,0.153145505
2030-07-08 04:00:00,0.021600000000000005,0.1531145067698259,0.0377,0.153106388
2030-07-08 05:00:00,0.0072,0.09688452611218569,0.1442,0.153067272
2030-07-08 06:00:00,0.007599999999999999,0.05482785299806576,0.2909,0.153028156
2030-07-08 07:00:00,0.0094,0.03684970986460348,0.4329,0.15298904
2030-07-08 08:00:00,0.0142,0.02473036750483559,0.545,0.15294992400000001
2030-07-08 09:00:00,0.0212,0.02137678916827853,0.6211,0.152910808
2030-07-08 10:00:00,0.0291,0.02270348162475822,0.6637,0.152871691
2030-07-08 11:00:00,0.0349,0.028472147001934234,0.6703,0.152832575
2030-07-08 12:00:00,0.04100000000000001,0.05016905222437137,0.6428,0.152793459
2030-07-08 13:00:00,0.0467,0.06877833655705996,0.5785,0.15275434300000001
2030-07-08 14:00:00,0.0529,0.0779696324951644,0.4801,0.15271522699999998
2030-07-08 15:00:00,0.057,0.09803984526112187,0.3523,0.152676111
2030-07-08 16:00:00,0.05949999999999999,0.11822901353965183,0.2078,0.152636994
2030-07-08 17:00:00,0.0649,0.12069574468085106,0.0782,0.15259787800000002
2030-07-08 18:00:00,0.057,0.09442533849129595,0.0081,0.152558762
2030-07-08 19:00:00,0.0453,0.06846170212765958,0.0,0.152519646
2030-07-08 20:00:00,0.0477,0.0692092843326886,0.0,0.15248053
2030-07-08 21:00:00,0.0692,0.06119110251450677,0.0,0.152441414
2030-07-08 22:00:00,0.0677,0.046811992263056094,0.0,0.15240229800000002
2030-07-08 23:00:00,0.0627,0.03419941972920696,0.0,0.152363181
2030-07-09 00:00:00,0.068,0.030538684719535778,0.0,0.152324065
2030-07-09 01:00:00,0.0935,0.035223210831721474,0.0,0.152221836
2030-07-09 02:00:00,0.11490000000000002,0.04819555125725339,0.0,0.152119606
2030-07-09 03:00:00,0.12120000000000002,0.06857504835589942,0.0002,0.15201737699999998
2030-07-09 04:00:00,0.0916,0.06360425531914894,0.0363,0.151915147
2030-07-09 05:00:00,0.0377,0.03521295938104449,0.1406,0.15181291800000002
2030-07-09 06:00:00,0.0228,0.01552514506769826,0.281,0.151710688
2030-07-09 07:00:00,0.0118,0.005545261121856866,0.4199,0.151608459
2030-07-09 08:00:00,0.0151,0.009091682785299806,0.5313,0.151506229
2030-07-09 09:00:00,0.031299999999999994,0.0436357833655706,0.6144,0.15140399999999998
2030-07-09 10:00:00,0.05910000000000001,0.07380174081237911,0.652,0.15130177
2030-07-09 11:00:00,0.0993,0.05960599613152805,0.6567,0.151199541
2030-07-09 12:00:00,0.1468,0.04903984526112186,0.6253,0.15109731199999998
2030-07-09 13:00:00,0.1808,0.05508916827852998,0.5633,0.150995082
2030-07-09 14:00:00,0.1947,0.07622147001934236,0.4662,0.15089285300000002
2030-07-09 15:00:00,0.1854,0.1051323017408124,0.3407,0.150790623
2030-07-09 16:00:00,0.17170000000000002,0.15309980657640232,0.1985,0.150688394
2030-07-09 17:00:00,0.1606,0.1921468085106383,0.0765,0.150586164
2030-07-09 18:00:00,0.1583,0.17938201160541586,0.008,0.150483935
2030-07-09 19:00:00,0.1478,0.1545458413926499,0.0,0.150381705
2030-07-09 20:00:00,0.126,0.15009961315280465,0.0,0.150279476
2030-07-09 21:00:00,0.1238,0.1657311411992263,0.0,0.150177246
2030-07-09 22:00:00,0.12,0.16398491295938106,0.0,0.150075017
2030-07-09 23:00:00,0.11089999999999998,0.13806673114119922,0.0,0.149972787
2030-07-10 00:00:00,0.1056,0.10933558994197293,0.0,0.14987055800000001
2030-07-10 01:00:00,0.1048,0.10480909090909091,0.0,0.149763822
2030-07-10 02:00:00,0.1288,0.13718027079303674,0.0,0.149657086
2030-07-10 03:00:00,0.1391,0.16178297872340427,0.0001,0.14955035
2030-07-10 04:00:00,0.1037,0.14924274661508702,0.0346,0.149443614
2030-07-10 05:00:00,0.0454,0.10677794970986461,0.1378,0.149336879
2030-07-10 06:00:00,0.0258,0.10492746615087041,0.2719,0.149230143
2030-07-10 07:00:00,0.0177,0.09361218568665378,0.403,0.14912340699999999
2030-07-10 08:00:00,0.0158,0.0763669245647969,0.5102,0.149016671
2030-07-10 09:00:00,0.0257,0.07322978723404255,0.5855,0.148909935
2030-07-10 10:00:00,0.0494,0.080405415860735,0.6259,0.148803199
2030-07-10 11:00:00,0.1066,0.0931558994197292,0.6307,0.148696463
2030-07-10 12:00:00,0.1769,0.1077549323017408,0.6053,0.148589728
2030-07-10 13:00:00,0.2225,0.1198696324951644,0.5439,0.14848299199999998
2030-07-10 14:00:00,0.2531,0.12159883945841393,0.4495,0.14837625599999998
2030-07-10 15:00:00,0.26669999999999994,0.1115972920696325,0.3271,0.14826952
2030-07-10 16:00:00,0.2559,0.08839052224371373,0.1921,0.148162784
2030-07-10 17:00:00,0.2223,0.0496835589941973,0.0707,0.148056048
2030-07-10 18:00:00,0.2005,0.0356651837524178,0.006,0.147949312
2030-07-10 19:00:00,0.1722,0.028229593810444875,0.0,0.147842576
2030-07-10 20:00:00,0.14849999999999997,0.025186653771760156,0.0,0.147735841
2030-07-10 21:00:00,0.1305,0.02662069632495164,0.0,0.147629105
2030-07-10 22:00:00,0.1321,0.02935512572533849,0.0,0.14752236900000001
2030-07-10 23:00:00,0.14189999999999997,0.032734816247582205,0.0,0.14741563300000002
2030-07-11 00:00:00,0.1517,0.04517620889748549,0.0,0.147308897
2030-07-11 01:00:00,0.1587,0.06689787234042552,0.0,0.147289747
2030-07-11 02:00:00,0.1412,0.09487021276595745,0.0,0.147270597
2030-07-11 03:00:00,0.1381,0.11500696324951643,0.0001,0.147251446
2030-07-11 04:00:00,0.1305,0.12402301740812377,0.0304,0.14723229599999998
2030-07-11 05:00:00,0.0985,0.11197214700193422,0.1306,0.147213146
2030-07-11 06:00:00,0.1282,0.07388104448742747,0.2696,0.147193996
2030-07-11 07:00:00,0.1742,0.05309439071566731,0.4083,0.147174846
2030-07-11 08:00:00,0.2183,0.05807969052224371,0.5206,0.147155695
2030-07-11 09:00:00,0.2451,0.07666460348162475,0.6017,0.147136545
2030-07-11 10:00:00,0.2516,0.10982359767891683,0.6418,0.147117395
2030-07-11 11:00:00,0.26810000000000006,0.1417671179883946,0.6441,0.147098245
2030-07-11 12:00:00,0.3197,0.16988239845261122,0.6139,0.147079095
2030-07-11 13:00:00,0.3891,0.20021798839458416,0.5583,0.147059944
2030-07-11 14:00:00,0.4306,0.21888181818181818,0.4618,0.147040794
2030-07-11 15:00:00,0.4172,0.21874758220502902,0.3369,0.147021644
2030-07-11 16:00:00,0.3573,0.21237814313346232,0.1981,0.147002494
2030-07-11 17:00:00,0.2596,0.19810522243713735,0.0768,0.14698334400000002
2030-07-11 18:00:00,0.1793,0.19676905222437135,0.0072,0.14696419300000002
2030-07-11 19:00:00,0.1511,0.1849466150870406,0.0,0.146945043
2030-07-11 20:00:00,0.13880000000000003,0.16698781431334622,0.0,0.146925893
2030-07-11 21:00:00,0.1468,0.15022998065764023,0.0,0.146906743
2030-07-11 22:00:00,0.1747,0.13613056092843326,0.0,0.146887593
2030-07-11 23:00:00,0.2092,0.12558742746615087,0.0,0.146868442
2030-07-12 00:00:00,0.2486,0.14200599613152803,0.0,0.146849292
2030-07-12 01:00:00,0.2693,0.1734025145067698,0.0,0.146994138
2030-07-12 02:00:00,0.2679000000000001,0.18365454545454543,0.0,0.147138985
2030-07-12 03:00:00,0.2569000000000001,0.17750831721470017,0.0001,0.147283831
2030-07-12 04:00:00,0.2117,0.14401005802707928,0.0319,0.14742867699999998
2030-07-12 05:00:00,0.1607,0.09287988394584139,0.1344,0.147573523
2030-07-12 06:00:00,0.1658,0.06273539651837524,0.2702,0.14771836900000002
2030-07-12 07:00:00,0.1789,0.16599825918762087,0.4002,0.147863216
2030-07-12 08:00:00,0.1998,0.28367562862669243,0.5039,0.148008062
2030-07-12 09:00:00,0.2354,0.20649593810444875,0.5772,0.148152908
2030-07-12 10:00:00,0.5129000000000001,0.0838,0.5975,0.148297754
2030-07-12 11:00:00,0.3272,0.1807731141199226,0.609,0.1484426
2030-07-12 12:00:00,0.23519999999999996,0.3715671179883946,0.5892,0.14858744699999998
2030-07-12 13:00:00,0.2153,0.42998259187620896,0.5232,0.14873229300000002
2030-07-12 14:00:00,0.101,0.42943733075435203,0.4305,0.148877139
2030-07-12 15:00:00,0.1335,0.4250657640232109,0.3142,0.149021985
2030-07-12 16:00:00,0.1986,0.3483183752417795,0.1962,0.149166831
2030-07-12 17:00:00,0.1845,0.2565909090909091,0.0768,0.149311678
2030-07-12 18:00:00,0.1856,0.21477117988394584,0.0069,0.149456524
2030-07-12 19:00:00,0.1864,0.19249323017408124,0.0,0.14960137
2030-07-12 20:00:00,0.16819999999999996,0.1780382978723404,0.0,0.149746216
2030-07-12 21:00:00,0.16149999999999998,0.17935938104448743,0.0,0.149891062
2030-07-12 22:00:00,0.1539,0.179778916827853,0.0,0.150035909
2030-07-12 23:00:00,0.1564,0.17980831721470017,0.0,0.150180755
2030-07-13 00:00:00,0.1527,0.18345996131528047,0.0,0.150325601
2030-07-13 01:00:00,0.1387,0.1873874274661509,0.0,0.150467184
2030-07-13 02:00:00,0.1227,0.19157427466150873,0.0,0.150608767
2030-07-13 03:00:00,0.1093,0.20229032882011605,0.0001,0.150750351
2030-07-13 04:00:00,0.0784,0.1857943907156673,0.0261,0.150891934
2030-07-13 05:00:00,0.0564,0.15213733075435204,0.1062,0.151033517
2030-07-13 06:00:00,0.0736,0.1217715667311412,0.2277,0.1511751
2030-07-13 07:00:00,0.1099,0.09682611218568667,0.3667,0.151316684
2030-07-13 08:00:00,0.1653,0.1055622823984526,0.4835,0.15145826699999998
2030-07-13 09:00:00,0.233,0.13648781431334625,0.5719,0.15159985
2030-07-13 10:00:00,0.305,0.19838123791102516,0.6291,0.151741433
2030-07-13 11:00:00,0.36630000000000007,0.2811876208897486,0.6491,0.151883016
2030-07-13 12:00:00,0.4153,0.36430986460348164,0.626,0.1520246
2030-07-13 13:00:00,0.4562,0.4167630560928433,0.567,0.152166183
2030-07-13 14:00:00,0.4547,0.42563849129593817,0.4739,0.15230776599999998
2030-07-13 15:00:00,0.4228,0.41307891682785297,0.3491,0.152449349
2030-07-13 16:00:00,0.3652,0.38076402321083175,0.2074,0.152590933
2030-07-13 17:00:00,0.2866,0.33242127659574466,0.0783,0.15273251599999998
2030-07-13 18:00:00,0.2003,0.30188588007736944,0.007,0.152874099
2030-07-13 19:00:00,0.1697,0.28773481624758224,0.0,0.153015682
2030-07-13 20:00:00,0.1636,0.283531914893617,0.0,0.153157265
2030-07-13 21:00:00,0.154,0.2596823984526112,0.0,0.15329884900000001
2030-07-13 22:00:00,0.1561,0.23092630560928434,0.0,0.153440432
2030-07-13 23:00:00,0.17160000000000003,0.21378027079303674,0.0,0.153582015
2030-07-14 00:00:00,0.1825,0.20086924564796904,0.0,0.15372359800000002
2030-07-14 01:00:00,0.1898,0.19863288201160542,0.0,0.153985191
2030-07-14 02:00:00,0.1867,0.2024081237911025,0.0,0.154246784
2030-07-14 03:00:00,0.17610000000000003,0.20481334622823985,0.0001,0.154508377
2030-07-14 04:00:00,0.13189999999999996,0.20124893617021275,0.0305,0.154769969
2030-07-14 05:00:00,0.0759,0.19363442940038683,0.1321,0.15503156199999998
2030-07-14 06:00:00,0.0621,0.1527549323017408,0.2761,0.155293155
2030-07-14 07:00:00,0.0796,0.10213945841392649,0.4185,0.15555474800000002
2030-07-14 08:00:00,0.10549999999999998,0.058677949709864605,0.529,0.15581634
2030-07-14 09:00:00,0.122,0.038187234042553184,0.6046,0.156077933
2030-07-14 10:00:00,0.1411,0.028103675048355897,0.6421,0.156339526
2030-07-14 11:00:00,0.1709,0.026380077369439075,0.6441,0.156601119
2030-07-14 12:00:00,0.1862,0.03341798839458414,0.609,0.156862712
2030-07-14 13:00:00,0.1787,0.03831160541586073,0.5424,0.157124304
2030-07-14 14:00:00,0.16100000000000003,0.044325531914893614,0.4467,0.157385897
2030-07-14 15:00:00,0.14660000000000004,0.062167504835589936,0.3207,0.15764749
2030-07-14 16:00:00,0.1389,0.10759555125725338,0.1808,0.157909083
2030-07-14 17:00:00,0.144,0.1558522243713733,0.0643,0.158170675
2030-07-14 18:00:00,0.19769999999999996,0.16063713733075435,0.0046,0.15843226800000001
2030-07-14 19:00:00,0.2095,0.1091357833655706,0.0,0.158693861
2030-07-14 20:00:00,0.1699,0.0763284332688588,0.0,0.158955454
2030-07-14 21:00:00,0.1436,0.05937562862669245,0.0,0.159217046
2030-07-14 22:00:00,0.1595,0.061049323017408126,0.0,0.159478639
2030-07-14 23:00:00,0.2086,0.04944912959381044,0.0,0.15974023199999998
2030-07-15 00:00:00,0.2431,0.04229497098646034,0.0,0.160001825
2030-07-15 01:00:00,0.25869999999999993,0.04187562862669245,0.0,0.16073689800000002
2030-07-15 02:00:00,0.2784,0.04362088974854933,0.0,0.161471971
2030-07-15 03:00:00,0.3075,0.0453357833655706,0.0,0.162207045
2030-07-15 04:00:00,0.2982,0.04956460348162476,0.0274,0.162942118
2030-07-15 05:00:00,0.2204,0.07033210831721469,0.1251,0.163677191
2030-07-15 06:00:00,0.2943,0.10104835589941974,0.2652,0.164412264
2030-07-15 07:00:00,0.3748,0.12233965183752418,0.4059,0.165147338
2030-07-15 08:00:00,0.4075,0.14700154738878143,0.5197,0.165882411
2030-07-15 09:00:00,0.4281,0.17716595744680852,0.5971,0.166617484
2030-07-15 10:00:00,0.4513,0.2016392649903288,0.6421,0.167352558
2030-07-15 11:00:00,0.4514,0.21882765957446806,0.6545,0.16808763100000002
2030-07-15 12:00:00,0.4378,0.2231870406189555,0.6343,0.168822704
2030-07-15 13:00:00,0.4372,0.22691624758220505,0.5735,0.16955777800000002
2030-07-15 14:00:00,0.4372,0.22884506769825919,0.4772,0.17029285100000002
2030-07-15 15:00:00,0.4328,0.22929342359767893,0.3491,0.171027924
2030-07-15 16:00:00,0.4249,0.22817214700193425,0.2045,0.171762997
2030-07-15 17:00:00,0.4096,0.2220214700193424,0.0729,0.172498071
2030-07-15 18:00:00,0.3326,0.2408568665377176,0.0067,0.17323314399999998
2030-07-15 19:00:00,0.296,0.2836226305609284,0.0,0.17396821699999998
2030-07-15 20:00:00,0.29569999999999996,0.32802185686653773,0.0,0.174703291
2030-07-15 21:00:00,0.2877,0.34417098646034816,0.0,0.17543836399999999
2030-07-15 22:00:00,0.28819999999999996,0.33490232108317214,0.0,0.176173437
2030-07-15 23:00:00,0.2703999999999999,0.31410290135396524,0.0,0.17690851
2030-07-16 00:00:00,0.24920000000000003,0.3013547388781432,0.0,0.177643584
2030-07-16 01:00:00,0.2341,0.3101297872340426,0.0,0.178649643
2030-07-16 02:00:00,0.2086,0.3568276595744681,0.0,0.179655702
2030-07-16 03:00:00,0.1779,0.4031522243713733,0.0001,0.180661761
2030-07-16 04:00:00,0.1165,0.3920564796905222,0.033,0.18166782
2030-07-16 05:00:00,0.06,0.3808110251450677,0.1417,0.18267387899999998
2030-07-16 06:00:00,0.0478,0.3281247582205029,0.2886,0.18367993800000001
2030-07-16 07:00:00,0.0392,0.24894816247582205,0.4354,0.184685997
2030-07-16 08:00:00,0.0364,0.22364719535783367,0.5539,0.18569205600000002
2030-07-16 09:00:00,0.0501,0.2528539651837524,0.6398,0.186698115
2030-07-16 10:00:00,0.08050000000000002,0.308352417794971,0.6853,0.18770417399999997
2030-07-16 11:00:00,0.1301,0.37001179883945845,0.6932,0.188710233
2030-07-16 12:00:00,0.2006,0.42598549323017404,0.664,0.18971629199999998
2030-07-16 13:00:00,0.283,0.46828336557059963,0.5991,0.190722351
2030-07-16 14:00:00,0.3818,0.4807092843326885,0.4996,0.19172841
2030-07-16 15:00:00,0.4334,0.4785100580270793,0.3674,0.192734469
2030-07-16 16:00:00,0.4105,0.4582764023210832,0.2169,0.193740528
2030-07-16 17:00:00,0.3521,0.4115889748549323,0.0798,0.194746587
2030-07-16 18:00:00,0.2952000000000001,0.3691176015473889,0.007,0.195752646
2030-07-16 19:00:00,0.263,0.32086692456479693,0.0,0.196758705
2030-07-16 20:00:00,0.2312,0.3027905222437137,0.0,0.19776476399999998
2030-07-16 21:00:00,0.2533,0.3089970986460348,0.0,0.198770823
2030-07-16 22:00:00,0.2755,0.2878081237911025,0.0,0.199776882
2030-07-16 23:00:00,0.28350000000000003,0.2637990328820116,0.0,0.20078294100000002
2030-07-17 00:00:00,0.2767,0.2384965183752418,0.0,0.201789
2030-07-17 01:00:00,0.2836,0.21846015473887814,0.0,0.202123931
2030-07-17 02:00:00,0.28,0.19796615087040617,0.0,0.20245886100000002
2030-07-17 03:00:00,0.2528,0.18549226305609284,0.0001,0.202793792
2030-07-17 04:00:00,0.16840000000000002,0.16856866537717605,0.0355,0.20312872199999998
2030-07-17 05:00:00,0.24059999999999998,0.1635787234042553,0.1447,0.203463653
2030-07-17 06:00:00,0.2595,0.12823539651837523,0.2922,0.20379858399999998
2030-07-17 07:00:00,0.24300000000000002,0.0968998065764023,0.4379,0.204133514
2030-07-17 08:00:00,0.2355,0.08863597678916828,0.5541,0.204468445
2030-07-17 09:00:00,0.2389,0.08465029013539652,0.6357,0.204803375
2030-07-17 10:00:00,0.2649,0.09113733075435203,0.6792,0.20513830600000002
2030-07-17 11:00:00,0.28640000000000004,0.10575338491295938,0.6855,0.205473237
2030-07-17 12:00:00,0.3085,0.12297369439071568,0.6561,0.205808167
2030-07-17 13:00:00,0.3219,0.12897156673114119,0.5926,0.206143098
2030-07-17 14:00:00,0.32959999999999995,0.12034119922630562,0.4937,0.206478028
2030-07-17 15:00:00,0.3345,0.12985880077369438,0.3636,0.206812959
2030-07-17 16:00:00,0.3273,0.15624951644100582,0.2137,0.20714789
2030-07-17 17:00:00,0.2774,0.19973636363636363,0.0781,0.20748282
2030-07-17 18:00:00,0.1979,0.2738471953578337,0.0067,0.20781775100000002
2030-07-17 19:00:00,0.15770000000000003,0.31143075435203094,0.0,0.208152681
2030-07-17 20:00:00,0.1401,0.2979036750483559,0.0,0.208487612
2030-07-17 21:00:00,0.1551,0.24654777562862668,0.0,0.208822543
2030-07-17 22:00:00,0.19549999999999998,0.2076934235976789,0.0,0.209157473
2030-07-17 23:00:00,0.2392,0.19019071566731144,0.0,0.209492404
2030-07-18 00:00:00,0.2665,0.18599651837524178,0.0,0.209827335
2030-07-18 01:00:00,0.30640000000000006,0.18067311411992265,0.0,0.209736256
2030-07-18 02:00:00,0.3288,0.16792920696324953,0.0,0.20964517800000002
2030-07-18 03:00:00,0.299,0.16298317214700192,0.0001,0.20955410000000002
2030-07-18 04:00:00,0.1935,0.14594177949709863,0.0341,0.20946302100000003
2030-07-18 05:00:00,0.1949,0.1595017408123791,0.141,0.209371943
2030-07-18 06:00:00,0.3134,0.16167292069632497,0.2875,0.209280865
2030-07-18 07:00:00,0.34369999999999995,0.1358752417794971,0.4326,0.20918978600000002
2030-07-18 08:00:00,0.30710000000000004,0.10513810444874276,0.5506,0.209098708
2030-07-18 09:00:00,0.2644,0.07901528046421663,0.6323,0.20900763
2030-07-18 10:00:00,0.24329999999999996,0.07025280464216635,0.6754,0.208916551
2030-07-18 11:00:00,0.2377,0.06460676982591877,0.6822,0.208825473
2030-07-18 12:00:00,0.23980000000000004,0.06162243713733075,0.6532,0.208734395
2030-07-18 13:00:00,0.2402,0.05976731141199226,0.5898,0.20864331600000002
2030-07-18 14:00:00,0.2385,0.0746889748549323,0.4898,0.208552238
2030-07-18 15:00:00,0.2286,0.09777195357833657,0.3561,0.20846116
2030-07-18 16:00:00,0.2064,0.12541237911025144,0.2045,0.208370081
2030-07-18 17:00:00,0.16599999999999998,0.13562495164410057,0.0719,0.20827900300000002
2030-07-18 18:00:00,0.1311,0.13672649903288203,0.0053,0.208187925
2030-07-18 19:00:00,0.09,0.1452520309477756,0.0,0.208096847
2030-07-18 20:00:00,0.0551,0.1716528046421663,0.0,0.208005768
2030-07-18 21:00:00,0.0407,0.177205415860735,0.0,0.20791469
2030-07-18 22:00:00,0.037399999999999996,0.18250676982591876,0.0,0.207823612
2030-07-18 23:00:00,0.03690000000000001,0.18504835589941973,0.0,0.207732533
2030-07-19 00:00:00,0.037,0.1811688588007737,0.0,0.207641455
2030-07-19 01:00:00,0.036199999999999996,0.1731835589941973,0.0,0.207387465
2030-07-19 02:00:00,0.0324,0.16588162475822052,0.0,0.207133476
2030-07-19 03:00:00,0.0266,0.1596230174081238,0.0,0.206879486
2030-07-19 04:00:00,0.0218,0.1441266924564797,0.0318,0.20662549600000002
2030-07-19 05:00:00,0.0095,0.10236692456479692,0.1352,0.206371506
2030-07-19 06:00:00,0.013900000000000001,0.06865880077369439,0.2807,0.206117517
2030-07-19 07:00:00,0.018699999999999998,0.05748646034816248,0.4254,0.205863527
2030-07-19 08:00:00,0.0182,0.05531315280464216,0.5425,0.20560953699999998
2030-07-19 09:00:00,0.0195,0.06371450676982592,0.6244,0.205355548
2030-07-19 10:00:00,0.0245,0.07653346228239846,0.6673,0.20510155800000002
2030-07-19 11:00:00,0.030900000000000004,0.08741218568665376,0.6724,0.204847568
2030-07-19 12:00:00,0.0349,0.09068742746615088,0.6439,0.204593578
2030-07-19 13:00:00,0.038,0.09215454545454546,0.5736,0.204339589
2030-07-19 14:00:00,0.0413,0.09894758220502901,0.4704,0.20408559899999998
2030-07-19 15:00:00,0.0473,0.10720232108317215,0.3393,0.203831609
2030-07-19 16:00:00,0.0463,0.12211063829787235,0.1953,0.20357762
2030-07-19 17:00:00,0.0597,0.14709148936170213,0.0679,0.20332363
2030-07-19 18:00:00,0.0597,0.16168588007736945,0.0042,0.20306964
2030-07-19 19:00:00,0.055999999999999994,0.1497121856866538,0.0,0.202815651
2030-07-19 20:00:00,0.0935,0.13441141199226306,0.0,0.202561661
2030-07-19 21:00:00,0.1379,0.11889187620889749,0.0,0.20230767100000002
2030-07-19 22:00:00,0.1578,0.10197272727272726,0.0,0.202053681
2030-07-19 23:00:00,0.1802,0.0889963249516441,0.0,0.201799692
2030-07-20 00:00:00,0.2127,0.07981083172147002,0.0,0.201545702
2030-07-20 01:00:00,0.23619999999999997,0.07341044487427466,0.0,0.20123540199999998
2030-07-20 02:00:00,0.24960000000000002,0.06767001934235976,0.0,0.200925102
2030-07-20 03:00:00,0.23799999999999996,0.0689980657640232,0.0,0.20061480199999998
2030-07-20 04:00:00,0.18280000000000002,0.06857620889748549,0.0295,0.200304503
2030-07-20 05:00:00,0.1116,0.05471334622823985,0.1324,0.199994203
2030-07-20 06:00:00,0.1189,0.06986731141199226,0.2758,0.199683903
2030-07-20 07:00:00,0.0968,0.06181257253384913,0.4171,0.199373603
2030-07-20 08:00:00,0.0634,0.045013152804642166,0.5285,0.199063303
2030-07-20 09:00:00,0.055600000000000004,0.037240618955512575,0.6011,0.198753003
2030-07-20 10:00:00,0.068,0.046605415860735015,0.6369,0.198442703
2030-07-20 11:00:00,0.0937,0.06643868471953578,0.6355,0.198132403
2030-07-20 12:00:00,0.12969999999999998,0.0883576402321083,0.6006,0.197822104
2030-07-20 13:00:00,0.17060000000000003,0.10383868471953579,0.5334,0.19751180399999999
2030-07-20 14:00:00,0.20460000000000003,0.12393036750483559,0.4319,0.19720150399999997
2030-07-20 15:00:00,0.2283,0.14306441005802709,0.308,0.196891204
2030-07-20 16:00:00,0.24319999999999997,0.16083365570599614,0.1698,0.19658090399999997
2030-07-20 17:00:00,0.2241,0.18254061895551257,0.0549,0.196270604
2030-07-20 18:00:00,0.2163,0.19751141199226305,0.0027,0.19596030399999997
2030-07-20 19:00:00,0.20790000000000003,0.19345029013539652,0.0,0.195650005
2030-07-20 20:00:00,0.1948,0.19534410058027077,0.0,0.195339705
2030-07-20 21:00:00,0.1886,0.1614413926499033,0.0,0.195029405
2030-07-20 22:00:00,0.19659999999999997,0.1289514506769826,0.0,0.194719105
2030-07-20 23:00:00,0.21209999999999998,0.10156885880077368,0.0,0.194408805
2030-07-21 00:00:00,0.23619999999999997,0.08293945841392648,0.0,0.194098505
2030-07-21 01:00:00,0.25409999999999994,0.06823500967117989,0.0,0.19392737300000001
2030-07-21 02:00:00,0.2599,0.050833655705996135,0.0,0.19375624100000002
2030-07-21 03:00:00,0.26159999999999994,0.03991682785299806,0.0,0.19358510899999998
2030-07-21 04:00:00,0.241,0.03591083172147002,0.0268,0.19341397600000002
2030-07-21 05:00:00,0.18730000000000002,0.039500773694390715,0.1222,0.193242844
2030-07-21 06:00:00,0.2177,0.06209129593810445,0.2497,0.19307171199999998
2030-07-21 07:00:00,0.2278,0.07416769825918762,0.3677,0.19290058
2030-07-21 08:00:00,0.2216,0.07756112185686653,0.4631,0.192729448
2030-07-21 09:00:00,0.21,0.07941160541586073,0.5361,0.192558315
2030-07-21 10:00:00,0.2096,0.08429961315280464,0.5803,0.19238718300000002
2030-07-21 11:00:00,0.2233,0.10539903288201159,0.5888,0.19221605100000003
2030-07-21 12:00:00,0.24929999999999997,0.1348201160541586,0.5702,0.19204491899999998
2030-07-21 13:00:00,0.2934,0.15926305609284333,0.5144,0.191873787
2030-07-21 14:00:00,0.3341,0.16880174081237911,0.4208,0.19170265399999997
2030-07-21 15:00:00,0.3598,0.1704193423597679,0.3024,0.19153152199999998
2030-07-21 16:00:00,0.3506,0.15252978723404256,0.1719,0.19136039
2030-07-21 17:00:00,0.28819999999999996,0.12432398452611218,0.0576,0.191189258
2030-07-21 18:00:00,0.22289999999999996,0.1124460348162476,0.0033,0.191018126
2030-07-21 19:00:00,0.20900000000000002,0.11344970986460348,0.0,0.19084699300000002
2030-07-21 20:00:00,0.20219999999999996,0.1361135396518375,0.0,0.190675861
2030-07-21 21:00:00,0.2117,0.16054738878143132,0.0,0.19050472899999998
2030-07-21 22:00:00,0.2207,0.17816982591876207,0.0,0.190333597
2030-07-21 23:00:00,0.2239,0.19214313346228243,0.0,0.190162465
2030-07-22 00:00:00,0.221,0.2156479690522244,0.0,0.189991333
2030-07-22 01:00:00,0.2001,0.23784410058027078,0.0,0.190199213
2030-07-22 02:00:00,0.1565,0.25098588007736944,0.0,0.190407093
2030-07-22 03:00:00,0.1169,0.2600462282398453,0.0,0.19061497300000002
2030-07-22 04:00:00,0.0702,0.2505087040618955,0.025,0.190822854
2030-07-22 05:00:00,0.03869999999999999,0.23045435203094777,0.1219,0.19103073399999998
2030-07-22 06:00:00,0.034,0.21412147001934237,0.2611,0.19123861399999997
2030-07-22 07:00:00,0.022399999999999996,0.21275435203094775,0.3956,0.191446495
2030-07-22 08:00:00,0.0228,0.23735067698259185,0.4933,0.191654375
2030-07-22 09:00:00,0.0302,0.2598110251450677,0.5536,0.191862255
2030-07-22 10:00:00,0.0284,0.28590657640232103,0.5765,0.192070136
2030-07-22 11:00:00,0.0301,0.32174468085106384,0.5767,0.19227801600000002
2030-07-22 12:00:00,0.0291,0.3690448742746615,0.5538,0.19248589600000002
2030-07-22 13:00:00,0.022,0.42219825918762083,0.4918,0.19269377699999998
2030-07-22 14:00:00,0.0134,0.476389748549323,0.3923,0.192901657
2030-07-22 15:00:00,0.030600000000000002,0.4804249516441006,0.267,0.193109537
2030-07-22 16:00:00,0.0773,0.4725657640232108,0.1475,0.19331741800000002
2030-07-22 17:00:00,0.1683,0.5109297872340425,0.0506,0.193525298
2030-07-22 18:00:00,0.1517,0.5402067698259188,0.0032,0.193733178
2030-07-22 19:00:00,0.0987,0.5101137330754352,0.0,0.19394105899999997
2030-07-22 20:00:00,0.1389,0.4600961315280464,0.0,0.194148939
2030-07-22 21:00:00,0.1838,0.40023249516441,0.0,0.194356819
2030-07-22 22:00:00,0.2072,0.3703417794970986,0.0,0.1945647
2030-07-22 23:00:00,0.1928,0.4776909090909091,0.0,0.19477258
2030-07-23 00:00:00,0.1378,0.48268916827853,0.0,0.19498046
2030-07-23 01:00:00,0.1077,0.38807485493230176,0.0,0.194989251
2030-07-23 02:00:00,0.09140000000000001,0.33874371373307544,0.0,0.19499804199999998
2030-07-23 03:00:00,0.10120000000000001,0.27578839458413923,0.0,0.19500683300000002
2030-07-23 04:00:00,0.1014,0.22870193423597682,0.0175,0.195015624
2030-07-23 05:00:00,0.10809999999999999,0.22643114119922628,0.0904,0.195024415
2030-07-23 06:00:00,0.0884,0.25203423597678914,0.1905,0.19503320600000001
2030-07-23 07:00:00,0.11529999999999999,0.30240406189555125,0.2912,0.195041997
2030-07-23 08:00:00,0.1606,0.29633191489361704,0.3795,0.195050788
2030-07-23 09:00:00,0.1736,0.2704301740812379,0.4385,0.19505957899999998
2030-07-23 10:00:00,0.2156,0.24542282398452608,0.447,0.19506837100000002
2030-07-23 11:00:00,0.2323,0.22702998065764024,0.432,0.195077162
2030-07-23 12:00:00,0.2366,0.2129439071566731,0.3908,0.195085953
2030-07-23 13:00:00,0.1758,0.21511837524177949,0.3392,0.195094744
2030-07-23 14:00:00,0.12590000000000004,0.23806615087040617,0.2845,0.195103535
2030-07-23 15:00:00,0.1041,0.2546032882011605,0.2175,0.195112326
2030-07-23 16:00:00,0.0762,0.27224119922630563,0.129,0.19512111699999998
2030-07-23 17:00:00,0.07550000000000001,0.29036460348162474,0.0455,0.19512990800000002
2030-07-23 18:00:00,0.0911,0.3318628626692457,0.0022,0.195138699
2030-07-23 19:00:00,0.10699999999999998,0.35650367504835595,0.0,0.19514749
2030-07-23 20:00:00,0.11309999999999999,0.3580568665377177,0.0,0.19515628100000001
2030-07-23 21:00:00,0.1534,0.3430110251450676,0.0,0.195165072
2030-07-23 22:00:00,0.23799999999999996,0.313294584139265,0.0,0.195173863
2030-07-23 23:00:00,0.2618,0.28681083172147004,0.0,0.19518265399999998
2030-07-24 00:00:00,0.3166,0.2778781431334623,0.0,0.195191445
2030-07-24 01:00:00,0.3387,0.2850611218568665,0.0,0.195012298
2030-07-24 02:00:00,0.3468,0.29957234042553194,0.0,0.194833151
2030-07-24 03:00:00,0.2538,0.32847117988394586,0.0,0.194654004
2030-07-24 04:00:00,0.184,0.3318274661508704,0.014,0.194474857
2030-07-24 05:00:00,0.1427,0.33938259187620895,0.0782,0.19429571
2030-07-24 06:00:00,0.1325,0.3357597678916828,0.1748,0.19411656300000002
2030-07-24 07:00:00,0.1556,0.3285835589941973,0.2868,0.193937415
2030-07-24 08:00:00,0.178,0.337074081237911,0.3969,0.193758268
2030-07-24 09:00:00,0.1722,0.3427263056092843,0.4883,0.19357912100000002
2030-07-24 10:00:00,0.12810000000000002,0.34066228239845264,0.5376,0.19339997399999997
2030-07-24 11:00:00,0.08019999999999998,0.34019052224371377,0.5391,0.19322082699999998
2030-07-24 12:00:00,0.0431,0.34453636363636364,0.5035,0.19304168
2030-07-24 13:00:00,0.03409999999999999,0.34451586073500967,0.4276,0.192862533
2030-07-24 14:00:00,0.0385,0.3366088974854932,0.3344,0.192683386
2030-07-24 15:00:00,0.0368,0.32900793036750486,0.23,0.192504239
2030-07-24 16:00:00,0.031099999999999992,0.3026431334622824,0.1297,0.192325092
2030-07-24 17:00:00,0.024999999999999998,0.25428143133462283,0.0437,0.192145945
2030-07-24 18:00:00,0.0215,0.19320696324951644,0.0021,0.191966797
2030-07-24 19:00:00,0.016899999999999995,0.15444197292069634,0.0,0.19178765
2030-07-24 20:00:00,0.0107,0.14218916827852998,0.0,0.191608503
2030-07-24 21:00:00,0.0073,0.13194371373307542,0.0,0.19142935600000002
2030-07-24 22:00:00,0.0068,0.12432572533849129,0.0,0.19125020899999998
2030-07-24 23:00:00,0.007599999999999999,0.12202978723404256,0.0,0.19107106199999999
2030-07-25 00:00:00,0.007599999999999999,0.12458394584139265,0.0,0.190891915
2030-07-25 01:00:00,0.007599999999999999,0.13410560928433268,0.0,0.19063681600000001
2030-07-25 02:00:00,0.0071,0.1494816247582205,0.0,0.190381718
2030-07-25 03:00:00,0.0069,0.16307949709864603,0.0,0.190126619
2030-07-25 04:00:00,0.0067,0.16393210831721472,0.0225,0.18987152100000002
2030-07-25 05:00:00,0.0058,0.17590676982591877,0.1168,0.18961642199999998
2030-07-25 06:00:00,0.0099,0.18550502901353963,0.2528,0.189361324
2030-07-25 07:00:00,0.013999999999999999,0.1977485493230174,0.3886,0.18910622600000002
2030-07-25 08:00:00,0.0196,0.21282785299806575,0.5019,0.18885112699999998
2030-07-25 09:00:00,0.0262,0.21751508704061895,0.583,0.188596029
2030-07-25 10:00:00,0.0328,0.21476982591876212,0.6189,0.18834093
2030-07-25 11:00:00,0.0408,0.21421586073500964,0.6151,0.18808583199999998
2030-07-25 12:00:00,0.0467,0.2158972920696325,0.5639,0.187830733
2030-07-25 13:00:00,0.0537,0.2126284332688588,0.4901,0.187575635
2030-07-25 14:00:00,0.0558,0.20763500967117993,0.3874,0.187320536
2030-07-25 15:00:00,0.051,0.20233346228239846,0.2787,0.187065438
2030-07-25 16:00:00,0.049999999999999996,0.19658820116054163,0.159,0.186810339
2030-07-25 17:00:00,0.0427,0.18520309477756283,0.0524,0.186555241
2030-07-25 18:00:00,0.0413,0.174447582205029,0.0024,0.186300142
2030-07-25 19:00:00,0.041199999999999994,0.14765609284332687,0.0,0.186045044
2030-07-25 20:00:00,0.0525,0.11378413926499033,0.0,0.185789945
2030-07-25 21:00:00,0.0616,0.08979071566731141,0.0,0.185534847
2030-07-25 22:00:00,0.0776,0.07822185686653772,0.0,0.185279748
2030-07-25 23:00:00,0.10219999999999999,0.07641218568665377,0.0,0.18502465
2030-07-26 00:00:00,0.12590000000000004,0.08027253384912958,0.0,0.184769551
2030-07-26 01:00:00,0.1425,0.08624197292069632,0.0,0.184493061
2030-07-26 02:00:00,0.1497,0.09163326885880077,0.0,0.18421657100000002
2030-07-26 03:00:00,0.1513,0.09520812379110252,0.0,0.183940081
2030-07-26 04:00:00,0.135,0.0909752417794971,0.023,0.18366359100000001
2030-07-26 05:00:00,0.11529999999999999,0.08317736943907157,0.1226,0.18338710100000002
2030-07-26 06:00:00,0.1111,0.07815725338491296,0.2649,0.183110611
2030-07-26 07:00:00,0.1119,0.07444700193423598,0.4067,0.18283412100000002
2030-07-26 08:00:00,0.12250000000000001,0.0792696324951644,0.5239,0.18255763100000003
2030-07-26 09:00:00,0.1191,0.08599477756286268,0.611,0.182281141
2030-07-26 10:00:00,0.1191,0.09711856866537719,0.6548,0.18200465100000002
2030-07-26 11:00:00,0.12390000000000001,0.11827098646034817,0.6564,0.18172816100000003
2030-07-26 12:00:00,0.1283,0.13954932301740813,0.6218,0.181451671
2030-07-26 13:00:00,0.1279,0.15930096711798838,0.5512,0.18117518100000002
2030-07-26 14:00:00,0.1258,0.16700502901353964,0.4509,0.18089869100000003
2030-07-26 15:00:00,0.1219,0.1614125725338491,0.3259,0.180622201
2030-07-26 16:00:00,0.1072,0.16142456479690523,0.1875,0.18034571100000002
2030-07-26 17:00:00,0.0837,0.1639147001934236,0.0624,0.180069221
2030-07-26 18:00:00,0.06759999999999998,0.19598278529980656,0.0029,0.179792731
2030-07-26 19:00:00,0.0553,0.23123965183752418,0.0,0.17951624100000002
2030-07-26 20:00:00,0.063,0.2533143133462282,0.0,0.179239751
2030-07-26 21:00:00,0.0736,0.24475570599613158,0.0,0.178963261
2030-07-26 22:00:00,0.0821,0.23173384912959383,0.0,0.17868677100000002
2030-07-26 23:00:00,0.0891,0.21737852998065763,0.0,0.178410281
2030-07-27 00:00:00,0.093,0.2025707930367505,0.0,0.178133791
2030-07-27 01:00:00,0.0952,0.18448278529980658,0.0,0.177830183
2030-07-27 02:00:00,0.0948,0.16809845261121856,0.0,0.17752657600000002
2030-07-27 03:00:00,0.0976,0.15725473887814312,0.0,0.177222968
2030-07-27 04:00:00,0.0943,0.14323288201160542,0.0247,0.17691936100000002
2030-07-27 05:00:00,0.07239999999999999,0.12963578336557058,0.1267,0.17661575300000001
2030-07-27 06:00:00,0.2087,0.14865203094777563,0.2698,0.176312146
2030-07-27 07:00:00,0.256,0.14312533849129594,0.4119,0.17600853800000002
2030-07-27 08:00:00,0.2623,0.13207195357833657,0.5269,0.17570493
2030-07-27 09:00:00,0.2715,0.12325764023210835,0.6114,0.175401323
2030-07-27 10:00:00,0.2865,0.12838065764023213,0.6537,0.175097715
2030-07-27 11:00:00,0.3078,0.1500249516441006,0.6578,0.174794108
2030-07-27 12:00:00,0.3226,0.18019516441005803,0.6245,0.1744905
2030-07-27 13:00:00,0.3286,0.202810251450677,0.5569,0.17418689199999998
2030-07-27 14:00:00,0.327,0.21008549323017406,0.4553,0.173883285
2030-07-27 15:00:00,0.32299999999999995,0.19063094777562864,0.3274,0.173579677
2030-07-27 16:00:00,0.2962,0.17565705996131528,0.1842,0.17327607
2030-07-27 17:00:00,0.2174,0.161942166344294,0.0573,0.172972462
2030-07-27 18:00:00,0.1407,0.1652056092843327,0.002,0.17266885399999998
2030-07-27 19:00:00,0.08810000000000001,0.1960957446808511,0.0,0.172365247
2030-07-27 20:00:00,0.0807,0.22892263056092846,0.0,0.172061639
2030-07-27 21:00:00,0.0907,0.2649675048355899,0.0,0.171758032
2030-07-27 22:00:00,0.1013,0.28973423597678916,0.0,0.171454424
2030-07-27 23:00:00,0.10699999999999998,0.2871531914893617,0.0,0.17115081699999998
2030-07-28 00:00:00,0.1085,0.26053133462282396,0.0,0.17084720899999997
2030-07-28 01:00:00,0.1047,0.23048897485493233,0.0,0.170525378
2030-07-28 02:00:00,0.09719999999999998,0.20189148936170212,0.0,0.17020354699999998
2030-07-28 03:00:00,0.0833,0.17944719535783366,0.0,0.169881715
2030-07-28 04:00:00,0.06869999999999998,0.15759439071566733,0.0207,0.169559884
2030-07-28 05:00:00,0.0404,0.11615396518375243,0.1164,0.169238053
2030-07-28 06:00:00,0.046,0.0964477756286267,0.2518,0.168916222
2030-07-28 07:00:00,0.078,0.10622998065764024,0.3828,0.168594391
2030-07-28 08:00:00,0.09030000000000002,0.1085237911025145,0.4883,0.16827256
2030-07-28 09:00:00,0.0949,0.09982050290135397,0.5627,0.167950728
2030-07-28 10:00:00,0.094,0.09359787234042553,0.6029,0.167628897
2030-07-28 11:00:00,0.0862,0.08963617021276596,0.6088,0.167307066
2030-07-28 12:00:00,0.0769,0.08323829787234044,0.5982,0.166985235
2030-07-28 13:00:00,0.0679,0.07649187620889748,0.5399,0.16666340400000001
2030-07-28 14:00:00,0.0651,0.06922282398452612,0.4444,0.16634157300000002
2030-07-28 15:00:00,0.0645,0.06497311411992263,0.3114,0.166019741
2030-07-28 16:00:00,0.0644,0.06484816247582205,0.1741,0.16569791
2030-07-28 17:00:00,0.0642,0.11559941972920695,0.056,0.165376079
2030-07-28 18:00:00,0.0582,0.11139980657640232,0.0022,0.16505424800000001
2030-07-28 19:00:00,0.0592,0.09126537717601547,0.0,0.164732417
2030-07-28 20:00:00,0.0823,0.09352611218568666,0.0,0.164410585
2030-07-28 21:00:00,0.09939999999999999,0.10158549323017407,0.0,0.164088754
2030-07-28 22:00:00,0.1086,0.10730174081237911,0.0,0.163766923
2030-07-28 23:00:00,0.1249,0.10456092843326886,0.0,0.163445092
2030-07-29 00:00:00,0.14299999999999996,0.09563771760154738,0.0,0.163123261
2030-07-29 01:00:00,0.1607,0.08256266924564797,0.0,0.162832468
2030-07-29 02:00:00,0.1864,0.07149323017408124,0.0,0.162541674
2030-07-29 03:00:00,0.2167,0.06145415860735009,0.0,0.16225088099999999
2030-07-29 04:00:00,0.23839999999999997,0.05533249516441006,0.0197,0.161960088
2030-07-29 05:00:00,0.2012,0.05382649903288201,0.1113,0.161669294
2030-07-29 06:00:00,0.2064,0.06656034816247582,0.2448,0.161378501
2030-07-29 07:00:00,0.3065,0.06670444874274661,0.3777,0.161087708
2030-07-29 08:00:00,0.4795,0.05305299806576402,0.4892,0.160796915
2030-07-29 09:00:00,0.4565000000000001,0.0589825918762089,0.573,0.160506121
2030-07-29 10:00:00,0.1953,0.10381237911025146,0.6137,0.16021532800000002
2030-07-29 11:00:00,0.2241,0.18552340425531916,0.6207,0.159924535
2030-07-29 12:00:00,0.329,0.2017750483558994,0.596,0.159633742
2030-07-29 13:00:00,0.5268,0.2111798839458414,0.5396,0.159342948
2030-07-29 14:00:00,0.5902,0.23444023210831721,0.4504,0.159052155
2030-07-29 15:00:00,0.5056,0.25737601547388783,0.3247,0.158761362
2030-07-29 16:00:00,0.4097,0.2590087040618955,0.1844,0.158470569
2030-07-29 17:00:00,0.2811,0.23150618955512572,0.0605,0.158179775
2030-07-29 18:00:00,0.23619999999999997,0.2219978723404255,0.0026,0.15788898199999998
2030-07-29 19:00:00,0.217,0.21820502901353964,0.0,0.157598189
2030-07-29 20:00:00,0.2032,0.20652437137330754,0.0,0.157307395
2030-07-29 21:00:00,0.1876,0.19517176015473886,0.0,0.157016602
2030-07-29 22:00:00,0.1768,0.19178781431334624,0.0,0.156725809
2030-07-29 23:00:00,0.16259999999999997,0.1965392649903288,0.0,0.156435016
2030-07-30 00:00:00,0.14660000000000004,0.21432321083172146,0.0,0.156144222
2030-07-30 01:00:00,0.1321,0.2368237911025145,0.0,0.15590155
2030-07-30 02:00:00,0.1168,0.2553458413926499,0.0,0.155658878
2030-07-30 03:00:00,0.1056,0.2608605415860736,0.0,0.155416206
2030-07-30 04:00:00,0.0907,0.24790135396518376,0.0205,0.155173533
2030-07-30 05:00:00,0.06060000000000001,0.2027468085106383,0.1165,0.154930861
2030-07-30 06:00:00,0.0884,0.23347640232108313,0.2572,0.154688189
2030-07-30 07:00:00,0.0786,0.23836557059961316,0.4008,0.154445517
2030-07-30 08:00:00,0.0628,0.21236499032882009,0.5176,0.154202845
2030-07-30 09:00:00,0.062400000000000004,0.20616092843326886,0.6004,0.153960172
2030-07-30 10:00:00,0.076,0.20987117988394585,0.6455,0.1537175
2030-07-30 11:00:00,0.08849999999999998,0.21938878143133464,0.6503,0.153474828
2030-07-30 12:00:00,0.1027,0.23576228239845262,0.6198,0.153232156
2030-07-30 13:00:00,0.1172,0.2597369439071567,0.5578,0.152989483
2030-07-30 14:00:00,0.1232,0.2886021276595745,0.4597,0.152746811
2030-07-30 15:00:00,0.1121,0.3228410058027079,0.3338,0.152504139
2030-07-30 16:00:00,0.08920000000000002,0.3560411992263056,0.1865,0.15226146699999998
2030-07-30 17:00:00,0.0581,0.37356866537717603,0.059,0.152018794
2030-07-30 18:00:00,0.027,0.37800483558994197,0.0021,0.15177612199999999
2030-07-30 19:00:00,0.0185,0.32303152804642166,0.0,0.15153345
2030-07-30 20:00:00,0.025300000000000003,0.2692286266924565,0.0,0.15129077800000001
2030-07-30 21:00:00,0.0389,0.24200174081237913,0.0,0.151048106
2030-07-30 22:00:00,0.0518,0.2364183752417795,0.0,0.15080543300000002
2030-07-30 23:00:00,0.06170000000000001,0.24543791102514506,0.0,0.150562761
2030-07-31 00:00:00,0.0691,0.264852998065764,0.0,0.150320089
2030-07-31 01:00:00,0.0803,0.27865377176015477,0.0,0.150470194
2030-07-31 02:00:00,0.0934,0.2837615087040619,0.0,0.150620299
2030-07-31 03:00:00,0.09719999999999998,0.2863620889748549,0.0,0.150770404
2030-07-31 04:00:00,0.0935,0.2678342359767892,0.0215,0.150920509
2030-07-31 05:00:00,0.0795,0.21529400386847197,0.1208,0.151070614
2030-07-31 06:00:00,0.1458,0.26795261121856867,0.26,0.151220719
2030-07-31 07:00:00,0.16,0.2693980657640232,0.3909,0.15137082400000001
2030-07-31 08:00:00,0.1549,0.2352899419729207,0.4997,0.151520929
2030-07-31 09:00:00,0.1529,0.2016139264990329,0.5739,0.151671034
2030-07-31 10:00:00,0.1587,0.19027852998065764,0.617,0.151821139
2030-07-31 11:00:00,0.1667,0.20385280464216635,0.6239,0.151971244
2030-07-31 12:00:00,0.1718,0.2280228239845261,0.5961,0.15212134900000002
2030-07-31 13:00:00,0.1783,0.2613593810444874,0.5348,0.152271454
2030-07-31 14:00:00,0.1827,0.30203617021276596,0.4433,0.152421559
2030-07-31 15:00:00,0.17549999999999996,0.34217272727272724,0.3216,0.152571664
2030-07-31 16:00:00,0.1571,0.36815725338491295,0.1804,0.152721769
2030-07-31 17:00:00,0.1255,0.3576038684719536,0.0557,0.152871874
2030-07-31 18:00:00,0.1072,0.31944738878143136,0.0017,0.153021979
2030-07-31 19:00:00,0.0887,0.2599845261121857,0.0,0.15317208400000001
2030-07-31 20:00:00,0.08750000000000001,0.2209845261121857,0.0,0.153322189
2030-07-31 21:00:00,0.0924,0.20782804642166347,0.0,0.153472294
2030-07-31 22:00:00,0.10340000000000002,0.2106117988394584,0.0,0.15362239800000002
2030-07-31 23:00:00,0.1165,0.220710251450677,0.0,0.153772503
2030-08-01 00:00:00,0.1256,0.23160947775628624,0.0,0.15392260800000002
2030-08-01 01:00:00,0.1277,0.2383284332688588,0.0,0.15427823400000001
2030-08-01 02:00:00,0.1242,0.24060831721470022,0.0,0.154633859
2030-08-01 03:00:00,0.12159999999999999,0.2380404255319149,0.0,0.154989484
2030-08-01 04:00:00,0.1116,0.22365686653771763,0.0198,0.155345109
2030-08-01 05:00:00,0.08050000000000002,0.15965241779497097,0.1185,0.155700734
2030-08-01 06:00:00,0.0806,0.1282972920696325,0.2627,0.15605636
2030-08-01 07:00:00,0.1041,0.10096827852998065,0.4106,0.156411985
2030-08-01 08:00:00,0.1232,0.08028239845261122,0.5297,0.15676761
2030-08-01 09:00:00,0.12460000000000002,0.07123636363636364,0.6112,0.157123235
2030-08-01 10:00:00,0.12130000000000002,0.0714852998065764,0.6539,0.15747886
2030-08-01 11:00:00,0.12240000000000001,0.10122030947775629,0.6594,0.157834486
2030-08-01 12:00:00,0.12700000000000003,0.12350309477756287,0.6288,0.158190111
2030-08-01 13:00:00,0.1335,0.14130889748549325,0.5606,0.158545736
2030-08-01 14:00:00,0.1346,0.1514744680851064,0.4593,0.158901361
2030-08-01 15:00:00,0.1307,0.15837021276595747,0.3268,0.159256986
2030-08-01 16:00:00,0.1197,0.16342978723404256,0.1804,0.159612611
2030-08-01 17:00:00,0.1074,0.16668568665377173,0.0542,0.15996823699999999
2030-08-01 18:00:00,0.09900000000000002,0.15877504835589945,0.0014,0.16032386199999998
2030-08-01 19:00:00,0.07149999999999998,0.13166170212765957,0.0,0.16067948699999998
2030-08-01 20:00:00,0.0532,0.1201441005802708,0.0,0.16103511199999998
2030-08-01 21:00:00,0.0403,0.13112340425531913,0.0,0.161390737
2030-08-01 22:00:00,0.0314,0.15925686653771762,0.0,0.161746363
2030-08-01 23:00:00,0.0285,0.20150212765957445,0.0,0.162101988
2030-08-02 00:00:00,0.027,0.23182940038684718,0.0,0.162457613
2030-08-02 01:00:00,0.0266,0.23303926499032881,0.0,0.162541548
2030-08-02 02:00:00,0.0251,0.2185015473887814,0.0,0.162625482
2030-08-02 03:00:00,0.0239,0.20801605415860736,0.0,0.162709417
2030-08-02 04:00:00,0.0233,0.18587388781431335,0.0202,0.162793351
2030-08-02 05:00:00,0.0099,0.12923907156673115,0.1193,0.162877286
2030-08-02 06:00:00,0.0055,0.10606479690522246,0.2633,0.162961221
2030-08-02 07:00:00,0.0251,0.06751044487427466,0.4067,0.163045155
2030-08-02 08:00:00,0.044300000000000006,0.030891876208897485,0.5191,0.16312909
2030-08-02 09:00:00,0.0589,0.013873114119922631,0.5955,0.163213024
2030-08-02 10:00:00,0.065,0.012311411992263056,0.6345,0.163296959
2030-08-02 11:00:00,0.069,0.012275628626692457,0.6379,0.163380894
2030-08-02 12:00:00,0.0728,0.020308897485493232,0.6103,0.163464828
2030-08-02 13:00:00,0.07660000000000002,0.0332742746615087,0.5446,0.163548763
2030-08-02 14:00:00,0.076,0.05565125725338491,0.4422,0.163632697
2030-08-02 15:00:00,0.0684,0.07058858800773694,0.3153,0.163716632
2030-08-02 16:00:00,0.05109999999999999,0.07521682785299806,0.176,0.16380056699999998
2030-08-02 17:00:00,0.0322,0.08155667311411993,0.0508,0.163884501
2030-08-02 18:00:00,0.021600000000000005,0.07197001934235978,0.0009,0.163968436
2030-08-02 19:00:00,0.0161,0.050280270793036756,0.0,0.164052371
2030-08-02 20:00:00,0.0264,0.037217988394584144,0.0,0.164136305
2030-08-02 21:00:00,0.0392,0.04178549323017408,0.0,0.16422024
2030-08-02 22:00:00,0.0562,0.04021605415860735,0.0,0.164304174
2030-08-02 23:00:00,0.07239999999999999,0.028258413926499033,0.0,0.164388109
2030-08-03 00:00:00,0.0887,0.017021470019342358,0.0,0.164472044
2030-08-03 01:00:00,0.1087,0.011355319148936172,0.0,0.164401794
2030-08-03 02:00:00,0.12399999999999999,0.011378143133462281,0.0,0.164331545
2030-08-03 03:00:00,0.1312,0.01944061895551257,0.0,0.164261296
2030-08-03 04:00:00,0.113,0.03312127659574468,0.0187,0.16419104699999998
2030-08-03 05:00:00,0.0678,0.028633075435203093,0.1177,0.164120798
2030-08-03 06:00:00,0.06460000000000002,0.018910638297872342,0.2573,0.164050549
2030-08-03 07:00:00,0.0749,0.0103321083172147,0.3931,0.1639803
2030-08-03 08:00:00,0.0859,0.00230174081237911,0.5072,0.163910051
2030-08-03 09:00:00,0.0902,5.8027079303675035e-05,0.588,0.16383980199999998
2030-08-03 10:00:00,0.0928,0.014599032882011607,0.6255,0.163769553
2030-08-03 11:00:00,0.0977,0.03790909090909091,0.6285,0.16369930300000002
2030-08-03 12:00:00,0.1038,0.058476789168278524,0.6009,0.163629054
2030-08-03 13:00:00,0.13,0.07646344294003868,0.5403,0.163558805
2030-08-03 14:00:00,0.1607,0.09357562862669247,0.4503,0.163488556
2030-08-03 15:00:00,0.1838,0.1039870406189555,0.3271,0.16341830699999998
2030-08-03 16:00:00,0.1929,0.10624545454545456,0.1803,0.16334805800000002
2030-08-03 17:00:00,0.1745,0.10997504835589941,0.0514,0.163277809
2030-08-03 18:00:00,0.1511,0.09805705996131528,0.0009,0.16320756
2030-08-03 19:00:00,0.1185,0.06769110251450677,0.0,0.163137311
2030-08-03 20:00:00,0.0932,0.04437620889748549,0.0,0.16306706199999998
2030-08-03 21:00:00,0.0939,0.02723365570599613,0.0,0.162996812
2030-08-03 22:00:00,0.1054,0.017391489361702126,0.0,0.162926563
2030-08-03 23:00:00,0.11809999999999998,0.017189555125725335,0.0,0.162856314
2030-08-04 00:00:00,0.1232,0.019672340425531915,0.0,0.162786065
2030-08-04 01:00:00,0.1261,0.0199394584139265,0.0,0.162710106
2030-08-04 02:00:00,0.1289,0.017481431334622825,0.0,0.162634146
2030-08-04 03:00:00,0.12460000000000002,0.012700773694390715,0.0,0.162558187
2030-08-04 04:00:00,0.11199999999999999,0.00897852998065764,0.0174,0.162482228
2030-08-04 05:00:00,0.0689,0.005000193423597679,0.1146,0.162406269
2030-08-04 06:00:00,0.0438,0.0038568665377176014,0.2547,0.162330309
2030-08-04 07:00:00,0.0395,0.00946247582205029,0.3935,0.16225435
2030-08-04 08:00:00,0.0389,0.016696131528046422,0.5046,0.162178391
2030-08-04 09:00:00,0.0407,0.031940425531914896,0.5781,0.162102431
2030-08-04 10:00:00,0.0451,0.054282591876208895,0.6163,0.162026472
2030-08-04 11:00:00,0.0527,0.08194816247582205,0.6224,0.16195051300000002
2030-08-04 12:00:00,0.0587,0.10227388781431335,0.5948,0.161874553
2030-08-04 13:00:00,0.0637,0.10808375241779497,0.5321,0.161798594
2030-08-04 14:00:00,0.0642,0.10870793036750483,0.4376,0.161722635
2030-08-04 15:00:00,0.0657,0.10216266924564797,0.3117,0.161646675
2030-08-04 16:00:00,0.07,0.09593675048355899,0.1695,0.161570716
2030-08-04 17:00:00,0.0759,0.09766769825918763,0.0476,0.161494757
2030-08-04 18:00:00,0.0668,0.08719206963249516,0.0006,0.161418797
2030-08-04 19:00:00,0.053,0.057815473887814314,0.0,0.16134283800000002
2030-08-04 20:00:00,0.0501,0.03400077369439072,0.0,0.161266879
2030-08-04 21:00:00,0.0747,0.029285880077369434,0.0,0.16119091900000002
2030-08-04 22:00:00,0.1025,0.030883558994197292,0.0,0.16111496
2030-08-04 23:00:00,0.1232,0.03524700193423597,0.0,0.161039001
2030-08-05 00:00:00,0.1356,0.04096847195357834,0.0,0.160963042
2030-08-05 01:00:00,0.1489,0.04566402321083172,0.0,0.160923498
2030-08-05 02:00:00,0.1657,0.048898259187620884,0.0,0.160883954
2030-08-05 03:00:00,0.16840000000000002,0.04559129593810445,0.0,0.16084441
2030-08-05 04:00:00,0.1565,0.03980154738878144,0.016,0.160804866
2030-08-05 05:00:00,0.11010000000000002,0.03412398452611218,0.1129,0.160765322
2030-08-05 06:00:00,0.0848,0.05644061895551257,0.2554,0.160725779
2030-08-05 07:00:00,0.0878,0.07130715667311412,0.3979,0.160686235
2030-08-05 08:00:00,0.098,0.08110116054158607,0.5112,0.160646691
2030-08-05 09:00:00,0.1197,0.09636112185686654,0.5962,0.160607147
2030-08-05 10:00:00,0.1534,0.11372707930367504,0.637,0.160567603
2030-08-05 11:00:00,0.19439999999999996,0.13378201160541586,0.6406,0.160528059
2030-08-05 12:00:00,0.23640000000000003,0.15104081237911024,0.6062,0.160488516
2030-08-05 13:00:00,0.269,0.16007833655705997,0.5402,0.160448972
2030-08-05 14:00:00,0.2906,0.16058259187620894,0.4398,0.16040942800000002
2030-08-05 15:00:00,0.2916,0.14190715667311413,0.3116,0.160369884
2030-08-05 16:00:00,0.25470000000000004,0.11044835589941973,0.1687,0.16033034
2030-08-05 17:00:00,0.1992,0.08868878143133462,0.0467,0.16029079599999999
2030-08-05 18:00:00,0.1811,0.07861702127659576,0.0007,0.160251253
2030-08-05 19:00:00,0.162,0.07671141199226306,0.0,0.160211709
2030-08-05 20:00:00,0.1668,0.07003094777562863,0.0,0.160172165
2030-08-05 21:00:00,0.18500000000000003,0.06840967117988395,0.0,0.160132621
2030-08-05 22:00:00,0.2142,0.07364777562862669,0.0,0.160093077
2030-08-05 23:00:00,0.24680000000000005,0.07722030947775628,0.0,0.160053533
2030-08-06 00:00:00,0.26,0.07448278529980658,0.0,0.16001399
2030-08-06 01:00:00,0.24649999999999997,0.0607531914893617,0.0,0.159959564
2030-08-06 02:00:00,0.2211,0.05106866537717602,0.0,0.159905139
2030-08-06 03:00:00,0.1953,0.04134468085106383,0.0,0.159850714
2030-08-06 04:00:00,0.1802,0.045411411992263055,0.0126,0.159796289
2030-08-06 05:00:00,0.14770000000000003,0.06783617021276596,0.0997,0.159741863
2030-08-06 06:00:00,0.13700000000000004,0.06924970986460348,0.2272,0.15968743800000001
2030-08-06 07:00:00,0.1328,0.058023017408123795,0.3562,0.15963301300000002
2030-08-06 08:00:00,0.10329999999999999,0.04583965183752418,0.4585,0.15957858800000002
2030-08-06 09:00:00,0.0894,0.040417408123791104,0.5284,0.159524163
2030-08-06 10:00:00,0.08349999999999999,0.030634816247582203,0.5675,0.159469737
2030-08-06 11:00:00,0.0781,0.04403887814313347,0.5586,0.159415312
2030-08-06 12:00:00,0.0645,0.07883926499032881,0.4963,0.15936088699999998
2030-08-06 13:00:00,0.047,0.1023357833655706,0.4048,0.15930646199999998
2030-08-06 14:00:00,0.0384,0.12773191489361702,0.322,0.15925203599999999
2030-08-06 15:00:00,0.0398,0.1690649903288201,0.2348,0.159197611
2030-08-06 16:00:00,0.0634,0.13017852998065765,0.1358,0.159143186
2030-08-06 17:00:00,0.11529999999999999,0.1339137330754352,0.0394,0.159088761
2030-08-06 18:00:00,0.15210000000000004,0.14405164410058027,0.0007,0.159034335
2030-08-06 19:00:00,0.1291,0.16697833655705996,0.0,0.15897991
2030-08-06 20:00:00,0.1105,0.20764177949709864,0.0,0.158925485
2030-08-06 21:00:00,0.11089999999999998,0.24230058027079301,0.0,0.15887106
2030-08-06 22:00:00,0.1084,0.23021586073500966,0.0,0.158816634
2030-08-06 23:00:00,0.0937,0.19520348162475823,0.0,0.15876220900000002
2030-08-07 00:00:00,0.0809,0.16479516441005804,0.0,0.158707784
2030-08-07 01:00:00,0.0843,0.12446711798839459,0.0,0.158595488
2030-08-07 02:00:00,0.08200000000000002,0.08878065764023212,0.0,0.158483193
2030-08-07 03:00:00,0.06869999999999998,0.061926692456479686,0.0,0.15837089699999998
2030-08-07 04:00:00,0.06850000000000002,0.04553230174081238,0.0134,0.158258602
2030-08-07 05:00:00,0.0423,0.03217562862669246,0.1042,0.158146306
2030-08-07 06:00:00,0.0121,0.02196073500967118,0.2404,0.15803401
2030-08-07 07:00:00,0.0498,0.019421083172147,0.3759,0.157921715
2030-08-07 08:00:00,0.06759999999999998,0.01519090909090909,0.491,0.157809419
2030-08-07 09:00:00,0.0698,0.013211025145067697,0.5812,0.157697124
2030-08-07 10:00:00,0.0629,0.012295357833655707,0.6296,0.157584828
2030-08-07 11:00:00,0.04479999999999999,0.013227852998065765,0.641,0.157472532
2030-08-07 12:00:00,0.024299999999999995,0.01718007736943907,0.6069,0.157360237
2030-08-07 13:00:00,0.0695,0.01976112185686654,0.5394,0.157247941
2030-08-07 14:00:00,0.1707,0.029862669245647965,0.4409,0.157135646
2030-08-07 15:00:00,0.1019,0.053353384912959385,0.3125,0.15702335
2030-08-07 16:00:00,0.038,0.09090406189555125,0.1724,0.156911054
2030-08-07 17:00:00,0.0344,0.11386460348162478,0.0502,0.156798759
2030-08-07 18:00:00,0.0463,0.08865299806576402,0.0007,0.156686463
2030-08-07 19:00:00,0.0505,0.047884526112185695,0.0,0.156574168
2030-08-07 20:00:00,0.0532,0.037485686653771756,0.0,0.156461872
2030-08-07 21:00:00,0.0605,0.06170309477756286,0.0,0.156349576
2030-08-07 22:00:00,0.072,0.09557930367504834,0.0,0.156237281
2030-08-07 23:00:00,0.07739999999999998,0.11138820116054159,0.0,0.156124985
2030-08-08 00:00:00,0.07270000000000001,0.11929264990328821,0.0,0.15601269
2030-08-08 01:00:00,0.0587,0.1369887814313346,0.0,0.155898937
2030-08-08 02:00:00,0.0428,0.16079516441005806,0.0,0.155785184
2030-08-08 03:00:00,0.029799999999999997,0.17902843326885878,0.0,0.155671431
2030-08-08 04:00:00,0.0256,0.18959516441005803,0.0146,0.155557678
2030-08-08 05:00:00,0.0189,0.15746808510638297,0.1125,0.155443925
2030-08-08 06:00:00,0.0316,0.11820367504835588,0.2598,0.155330172
2030-08-08 07:00:00,0.06720000000000001,0.0968230174081238,0.4054,0.15521642
2030-08-08 08:00:00,0.10340000000000002,0.07332011605415861,0.5237,0.155102667
2030-08-08 09:00:00,0.1251,0.05817350096711799,0.6081,0.154988914
2030-08-08 10:00:00,0.12920000000000004,0.052426692456479684,0.6525,0.15487516099999998
2030-08-08 11:00:00,0.1262,0.06002862669245648,0.6578,0.15476140800000002
2030-08-08 12:00:00,0.1202,0.08595087040618954,0.6262,0.154647655
2030-08-08 13:00:00,0.11120000000000001,0.10418588007736944,0.558,0.154533902
2030-08-08 14:00:00,0.1009,0.12547272727272726,0.456,0.15442015
2030-08-08 15:00:00,0.0907,0.14625106382978723,0.3227,0.15430639699999998
2030-08-08 16:00:00,0.0818,0.1671512572533849,0.175,0.15419264400000002
2030-08-08 17:00:00,0.0757,0.16267427466150872,0.0473,0.154078891
2030-08-08 18:00:00,0.0587,0.13857562862669245,0.0006,0.153965138
2030-08-08 19:00:00,0.0431,0.11064622823984525,0.0,0.153851385
2030-08-08 20:00:00,0.0379,0.10591179883945841,0.0,0.15373763199999999
2030-08-08 21:00:00,0.043699999999999996,0.11832147001934235,0.0,0.153623879
2030-08-08 22:00:00,0.0513,0.14521624758220503,0.0,0.153510127
2030-08-08 23:00:00,0.06,0.1665090909090909,0.0,0.153396374
2030-08-09 00:00:00,0.0689,0.1833707930367505,0.0,0.153282621
2030-08-09 01:00:00,0.07369999999999999,0.1957586073500967,0.0,0.153295008
2030-08-09 02:00:00,0.0741,0.21066924564796904,0.0,0.153307394
2030-08-09 03:00:00,0.07149999999999998,0.21016286266924564,0.0,0.153319781
2030-08-09 04:00:00,0.0699,0.1885384912959381,0.0133,0.15333216800000002
2030-08-09 05:00:00,0.0502,0.14595764023210833,0.109,0.153344554
2030-08-09 06:00:00,0.0815,0.1106081237911025,0.254,0.153356941
2030-08-09 07:00:00,0.0782,0.08346092843326886,0.3997,0.153369327
2030-08-09 08:00:00,0.074,0.0819624758220503,0.518,0.153381714
2030-08-09 09:00:00,0.07479999999999999,0.09479883945841393,0.5984,0.153394101
2030-08-09 10:00:00,0.08,0.12398317214700193,0.6365,0.15340648699999998
2030-08-09 11:00:00,0.0895,0.16659284332688587,0.6321,0.153418874
2030-08-09 12:00:00,0.1038,0.19922108317214698,0.5887,0.15343126099999999
2030-08-09 13:00:00,0.1209,0.22119555125725335,0.5148,0.153443647
2030-08-09 14:00:00,0.1311,0.24639883945841393,0.4074,0.153456034
2030-08-09 15:00:00,0.1303,0.26869032882011606,0.2832,0.153468421
2030-08-09 16:00:00,0.12340000000000002,0.28921353965183755,0.1502,0.153480807
2030-08-09 17:00:00,0.1339,0.30068355899419735,0.0393,0.153493194
2030-08-09 18:00:00,0.1392,0.2801088974854932,0.0004,0.153505581
2030-08-09 19:00:00,0.1267,0.25607117988394584,0.0,0.153517967
2030-08-09 20:00:00,0.1106,0.2566887814313346,0.0,0.153530354
2030-08-09 21:00:00,0.1032,0.2684106382978724,0.0,0.15354274099999998
2030-08-09 22:00:00,0.0977,0.28941992263056093,0.0,0.15355512699999999
2030-08-09 23:00:00,0.09829999999999998,0.3033439071566731,0.0,0.15356751400000002
2030-08-10 00:00:00,0.0955,0.2943520309477756,0.0,0.153579901
2030-08-10 01:00:00,0.0839,0.28235377176015475,0.0,0.153736579
2030-08-10 02:00:00,0.07259999999999998,0.27245164410058026,0.0,0.153893257
2030-08-10 03:00:00,0.0708,0.2589050290135397,0.0,0.154049936
2030-08-10 04:00:00,0.0728,0.2386117988394584,0.012,0.154206614
2030-08-10 05:00:00,0.0708,0.2139588007736944,0.1048,0.154363293
2030-08-10 06:00:00,0.1105,0.18634545454545454,0.2476,0.154519971
2030-08-10 07:00:00,0.1158,0.14235145067698257,0.386,0.15467665
2030-08-10 08:00:00,0.11990000000000002,0.1068284332688588,0.4989,0.15483332800000002
2030-08-10 09:00:00,0.1255,0.08823500967117988,0.5857,0.15499000699999999
2030-08-10 10:00:00,0.1417,0.0821733075435203,0.6348,0.155146685
2030-08-10 11:00:00,0.1744,0.08834468085106383,0.6394,0.155303364
2030-08-10 12:00:00,0.222,0.1334274661508704,0.6032,0.155460042
2030-08-10 13:00:00,0.2665,0.16753907156673115,0.5257,0.15561672099999999
2030-08-10 14:00:00,0.28889999999999993,0.19953675048355898,0.4177,0.155773399
2030-08-10 15:00:00,0.28200000000000003,0.2215615087040619,0.2898,0.155930078
2030-08-10 16:00:00,0.2611,0.22422243713733078,0.1575,0.156086756
2030-08-10 17:00:00,0.22509999999999997,0.20831895551257254,0.0414,0.15624343400000001
2030-08-10 18:00:00,0.1783,0.1782431334622824,0.0003,0.156400113
2030-08-10 19:00:00,0.1756,0.14780077369439074,0.0,0.156556791
2030-08-10 20:00:00,0.1519,0.14380038684719537,0.0,0.15671347
2030-08-10 21:00:00,0.1433,0.17563423597678918,0.0,0.15687014800000001
2030-08-10 22:00:00,0.1338,0.21806750483558993,0.0,0.15702682699999998
2030-08-10 23:00:00,0.1323,0.24950870406189557,0.0,0.157183505
2030-08-11 00:00:00,0.1534,0.2515044487427466,0.0,0.157340184
2030-08-11 01:00:00,0.1767,0.24941063829787236,0.0,0.15737500699999998
2030-08-11 02:00:00,0.17610000000000003,0.24670077369439072,0.0,0.157409831
2030-08-11 03:00:00,0.1663,0.23064816247582207,0.0,0.15744465400000002
2030-08-11 04:00:00,0.13700000000000004,0.2071166344294004,0.012,0.157479478
2030-08-11 05:00:00,0.10919999999999999,0.1691439071566731,0.1074,0.157514302
2030-08-11 06:00:00,0.1618,0.14215357833655706,0.2532,0.157549125
2030-08-11 07:00:00,0.1705,0.10263249516441005,0.4022,0.157583949
2030-08-11 08:00:00,0.1536,0.07160309477756285,0.5214,0.157618772
2030-08-11 09:00:00,0.138,0.05382901353965184,0.6051,0.157653596
2030-08-11 10:00:00,0.1356,0.04385647969052225,0.6483,0.15768842
2030-08-11 11:00:00,0.1461,0.045055512572533846,0.6528,0.157723243
2030-08-11 12:00:00,0.1675,0.05471083172147002,0.622,0.157758067
2030-08-11 13:00:00,0.192,0.08869729206963249,0.5551,0.15779289
2030-08-11 14:00:00,0.2275,0.11972088974854933,0.4501,0.157827714
2030-08-11 15:00:00,0.2538,0.14338201160541586,0.3198,0.157862538
2030-08-11 16:00:00,0.2715,0.1488907156673114,0.1729,0.15789736099999999
2030-08-11 17:00:00,0.24469999999999997,0.14207117988394583,0.0441,0.157932185
2030-08-11 18:00:00,0.1863,0.13984061895551256,0.0003,0.15796700800000002
2030-08-11 19:00:00,0.1189,0.1469038684719536,0.0,0.15800183199999998
2030-08-11 20:00:00,0.0934,0.17242630560928435,0.0,0.158036656
2030-08-11 21:00:00,0.0878,0.21220058027079305,0.0,0.15807147900000001
2030-08-11 22:00:00,0.09999999999999999,0.24158471953578337,0.0,0.158106303
2030-08-11 23:00:00,0.1202,0.25517794970986457,0.0,0.158141126
2030-08-12 00:00:00,0.1462,0.2592396518375242,0.0,0.15817595
2030-08-12 01:00:00,0.15990000000000001,0.25475164410058027,0.0,0.158166573
2030-08-12 02:00:00,0.1925,0.24321760154738875,0.0,0.158157196
2030-08-12 03:00:00,0.2061,0.23286460348162477,0.0,0.158147819
2030-08-12 04:00:00,0.1849,0.21682882011605417,0.0101,0.158138442
2030-08-12 05:00:00,0.1274,0.1872522243713733,0.0991,0.158129064
2030-08-12 06:00:00,0.1745,0.1567255319148936,0.233,0.15811968699999998
2030-08-12 07:00:00,0.16709999999999997,0.12200290135396519,0.3676,0.15811031
2030-08-12 08:00:00,0.1257,0.09615822050290135,0.4794,0.158100933
2030-08-12 09:00:00,0.09719999999999998,0.06560328820116053,0.5624,0.158091556
2030-08-12 10:00:00,0.08299999999999999,0.048655899419729205,0.6004,0.15808217900000002
2030-08-12 11:00:00,0.07039999999999999,0.05252746615087041,0.5985,0.15807280199999998
2030-08-12 12:00:00,0.05879999999999999,0.06930096711798839,0.5559,0.158063425
2030-08-12 13:00:00,0.0555,0.09679458413926499,0.4722,0.158054048
2030-08-12 14:00:00,0.06199999999999999,0.104431914893617,0.3532,0.158044671
2030-08-12 15:00:00,0.0784,0.124473500967118,0.2259,0.15803529300000002
2030-08-12 16:00:00,0.1007,0.14031624758220504,0.1051,0.158025916
2030-08-12 17:00:00,0.0856,0.15124545454545454,0.0197,0.158016539
2030-08-12 18:00:00,0.0504,0.1329249516441006,0.0,0.15800716199999998
2030-08-12 19:00:00,0.0275,0.09586208897485493,0.0,0.157997785
2030-08-12 20:00:00,0.024800000000000003,0.062293810444874274,0.0,0.157988408
2030-08-12 21:00:00,0.0288,0.042094970986460346,0.0,0.157979031
2030-08-12 22:00:00,0.033,0.03251121856866537,0.0,0.15796965400000001
2030-08-12 23:00:00,0.0444,0.029831141199226304,0.0,0.15796027699999998
2030-08-13 00:00:00,0.0318,0.0410119922630561,0.0,0.157950899
2030-08-13 01:00:00,0.018600000000000002,0.061603094777562865,0.0,0.15800774
2030-08-13 02:00:00,0.0118,0.08620773694390715,0.0,0.158064581
2030-08-13 03:00:00,0.0163,0.11071895551257255,0.0,0.15812142199999998
2030-08-13 04:00:00,0.0295,0.12074429400386848,0.0069,0.158178263
2030-08-13 05:00:00,0.0269,0.10443655705996131,0.0855,0.15823510300000002
2030-08-13 06:00:00,0.0308,0.10123617021276597,0.2135,0.158291944
2030-08-13 07:00:00,0.0365,0.12009767891682784,0.352,0.158348785
2030-08-13 08:00:00,0.0439,0.15584294003868474,0.4654,0.158405626
2030-08-13 09:00:00,0.058499999999999996,0.19973713733075432,0.5456,0.158462467
2030-08-13 10:00:00,0.0866,0.2349100580270793,0.5895,0.158519307
2030-08-13 11:00:00,0.12370000000000002,0.2560222437137331,0.5888,0.158576148
2030-08-13 12:00:00,0.1525,0.2618880077369439,0.5538,0.158632989
2030-08-13 13:00:00,0.1589,0.2493029013539652,0.4831,0.15868983
2030-08-13 14:00:00,0.144,0.21960483558994198,0.3823,0.15874667
2030-08-13 15:00:00,0.1164,0.18666034816247581,0.258,0.158803511
2030-08-13 16:00:00,0.0762,0.16061373307543522,0.1254,0.15886035199999998
2030-08-13 17:00:00,0.037399999999999996,0.12976789168278532,0.0257,0.158917193
2030-08-13 18:00:00,0.0146,0.11365280464216633,0.0,0.15897403400000001
2030-08-13 19:00:00,0.0067,0.10446324951644101,0.0,0.15903087400000002
2030-08-13 20:00:00,0.003,0.09391179883945841,0.0,0.159087715
2030-08-13 21:00:00,0.0010999999999999998,0.08303152804642165,0.0,0.159144556
2030-08-13 22:00:00,0.0001,0.07320038684719536,0.0,0.159201397
2030-08-13 23:00:00,0.0008,0.06398085106382978,0.0,0.159258238
2030-08-14 00:00:00,0.0033,0.0509063829787234,0.0,0.159315078
2030-08-14 01:00:00,0.0075,0.0373889748549323,0.0,0.159365369
2030-08-14 02:00:00,0.0121,0.025068471953578336,0.0,0.159415661
2030-08-14 03:00:00,0.014899999999999998,0.020379883945841393,0.0,0.159465952
2030-08-14 04:00:00,0.015199999999999998,0.024770212765957443,0.0052,0.159516243
2030-08-14 05:00:00,0.015199999999999998,0.03171411992263056,0.0771,0.159566534
2030-08-14 06:00:00,0.015199999999999998,0.03549419729206963,0.2027,0.159616825
2030-08-14 07:00:00,0.0085,0.031072340425531916,0.3405,0.159667116
2030-08-14 08:00:00,0.0086,0.01146963249516441,0.4602,0.159717407
2030-08-14 09:00:00,0.010800000000000002,0.013482591876208897,0.5445,0.159767698
2030-08-14 10:00:00,0.0066,0.040344874274661505,0.5995,0.159817989
2030-08-14 11:00:00,0.0077,0.07096479690522244,0.6073,0.15986828
2030-08-14 12:00:00,0.015300000000000001,0.11236150870406189,0.5672,0.159918571
2030-08-14 13:00:00,0.0351,0.12274061895551257,0.4963,0.159968862
2030-08-14 14:00:00,0.0492,0.11940328820116054,0.3962,0.160019153
2030-08-14 15:00:00,0.06230000000000001,0.11474564796905223,0.2715,0.160069444
2030-08-14 16:00:00,0.08019999999999998,0.10310909090909091,0.1399,0.16011973599999998
2030-08-14 17:00:00,0.08420000000000001,0.09911160541586073,0.0317,0.160170027
2030-08-14 18:00:00,0.0812,0.09696363636363636,0.0001,0.160220318
2030-08-14 19:00:00,0.07239999999999999,0.08542263056092844,0.0,0.160270609
2030-08-14 20:00:00,0.0586,0.06500425531914894,0.0,0.1603209
2030-08-14 21:00:00,0.042,0.050101547388781434,0.0,0.160371191
2030-08-14 22:00:00,0.0245,0.048550096711798836,0.0,0.160421482
2030-08-14 23:00:00,0.0164,0.05953056092843327,0.0,0.160471773
2030-08-15 00:00:00,0.0151,0.07144352030947776,0.0,0.160522064
2030-08-15 01:00:00,0.016899999999999995,0.08666963249516442,0.0,0.160530499
2030-08-15 02:00:00,0.0192,0.11049400386847195,0.0,0.160538933
2030-08-15 03:00:00,0.0199,0.1332027079303675,0.0,0.160547368
2030-08-15 04:00:00,0.0202,0.13877001934235977,0.0075,0.160555803
2030-08-15 05:00:00,0.014500000000000002,0.11311547388781432,0.095,0.160564237
2030-08-15 06:00:00,0.0073,0.09514526112185687,0.2373,0.160572672
2030-08-15 07:00:00,0.005400000000000001,0.062315860735009665,0.3872,0.160581107
2030-08-15 08:00:00,0.0063,0.03823172147001934,0.5086,0.160589541
2030-08-15 09:00:00,0.011,0.02056769825918762,0.5955,0.160597976
2030-08-15 10:00:00,0.0191,0.010646808510638298,0.636,0.160606411
2030-08-15 11:00:00,0.0285,0.005323404255319149,0.6387,0.160614845
2030-08-15 12:00:00,0.0377,0.013711798839458415,0.6018,0.16062328
2030-08-15 13:00:00,0.0459,0.024600580270793038,0.5288,0.160631714
2030-08-15 14:00:00,0.047499999999999994,0.04270657640232108,0.4271,0.160640149
2030-08-15 15:00:00,0.0516,0.0647257253384913,0.2982,0.160648584
2030-08-15 16:00:00,0.0583,0.08046905222437138,0.1517,0.160657018
2030-08-15 17:00:00,0.0597,0.09061528046421664,0.0341,0.160665453
2030-08-15 18:00:00,0.0598,0.07944700193423597,0.0001,0.16067388800000001
2030-08-15 19:00:00,0.0607,0.049535396518375234,0.0,0.160682322
2030-08-15 20:00:00,0.0844,0.047089168278529984,0.0,0.160690757
2030-08-15 21:00:00,0.11419999999999998,0.04200386847195358,0.0,0.160699192
2030-08-15 22:00:00,0.1158,0.03670715667311412,0.0,0.160707626
2030-08-15 23:00:00,0.11270000000000001,0.034310444874274655,0.0,0.160716061
2030-08-16 00:00:00,0.1206,0.03288452611218569,0.0,0.160724496
2030-08-16 01:00:00,0.1258,0.036315087040618955,0.0,0.160680422
2030-08-16 02:00:00,0.1327,0.048633075435203094,0.0,0.160636348
2030-08-16 03:00:00,0.13519999999999996,0.05868607350096712,0.0,0.160592274
2030-08-16 04:00:00,0.1251,0.062241972920696324,0.0074,0.16054820000000003
2030-08-16 05:00:00,0.0906,0.049781624758220504,0.0939,0.160504126
2030-08-16 06:00:00,0.08019999999999998,0.042800193423597685,0.2355,0.160460052
2030-08-16 07:00:00,0.08530000000000001,0.03734274661508704,0.3785,0.16041597800000001
2030-08-16 08:00:00,0.09609999999999999,0.025663829787234044,0.4925,0.160371904
2030-08-16 09:00:00,0.1058,0.01686441005802708,0.5721,0.16032783
2030-08-16 10:00:00,0.1256,0.017622630560928432,0.6175,0.160283756
2030-08-16 11:00:00,0.1527,0.028204255319148934,0.6216,0.160239682
2030-08-16 12:00:00,0.1853,0.04752669245647969,0.591,0.16019560800000002
2030-08-16 13:00:00,0.23530000000000004,0.07694738878143133,0.5269,0.160151534
2030-08-16 14:00:00,0.2793,0.11356595744680853,0.4288,0.16010746
2030-08-16 15:00:00,0.2986,0.1482487427466151,0.296,0.160063386
2030-08-16 16:00:00,0.28950000000000004,0.15955203094777565,0.1474,0.160019312
2030-08-16 17:00:00,0.2277,0.15543752417794973,0.0295,0.15997523800000002
2030-08-16 18:00:00,0.1546,0.11847794970986461,0.0,0.15993116400000001
2030-08-16 19:00:00,0.1169,0.09160967117988394,0.0,0.15988709
2030-08-16 20:00:00,0.1015,0.08819671179883946,0.0,0.159843016
2030-08-16 21:00:00,0.0977,0.0979990328820116,0.0,0.159798942
2030-08-16 22:00:00,0.1091,0.10706808510638298,0.0,0.159754868
2030-08-16 23:00:00,0.11,0.11881702127659576,0.0,0.15971079400000002
2030-08-17 00:00:00,0.0909,0.13394255319148934,0.0,0.15966672
2030-08-17 01:00:00,0.066,0.15269032882011604,0.0,0.159645756
2030-08-17 02:00:00,0.06180000000000001,0.1740191489361702,0.0,0.159624792
2030-08-17 03:00:00,0.06199999999999999,0.18825164410058023,0.0,0.159603828
2030-08-17 04:00:00,0.0587,0.19195493230174082,0.0063,0.159582864
2030-08-17 05:00:00,0.0445,0.14622688588007737,0.0912,0.159561901
2030-08-17 06:00:00,0.057,0.10937543520309477,0.2349,0.159540937
2030-08-17 07:00:00,0.063,0.08183829787234043,0.3852,0.159519973
2030-08-17 08:00:00,0.0597,0.06131295938104449,0.5094,0.159499009
2030-08-17 09:00:00,0.062400000000000004,0.053724177949709864,0.5982,0.159478045
2030-08-17 10:00:00,0.0808,0.05931721470019342,0.6428,0.159457081
2030-08-17 11:00:00,0.10549999999999998,0.07063733075435204,0.6498,0.15943611800000002
2030-08-17 12:00:00,0.1276,0.07599032882011605,0.6161,0.159415154
2030-08-17 13:00:00,0.1472,0.07170135396518376,0.5469,0.15939419
2030-08-17 14:00:00,0.1635,0.06263094777562862,0.4414,0.159373226
2030-08-17 15:00:00,0.17280000000000004,0.06471353965183751,0.3093,0.159352262
2030-08-17 16:00:00,0.1725,0.06797137330754352,0.1591,0.159331298
2030-08-17 17:00:00,0.1663,0.07329129593810445,0.0345,0.159310334
2030-08-17 18:00:00,0.1558,0.07364177949709864,0.0,0.15928937099999999
2030-08-17 19:00:00,0.12280000000000002,0.07378491295938104,0.0,0.159268407
2030-08-17 20:00:00,0.0974,0.07214294003868472,0.0,0.15924744300000002
2030-08-17 21:00:00,0.0887,0.07182862669245649,0.0,0.159226479
2030-08-17 22:00:00,0.0908,0.09208297872340426,0.0,0.159205515
2030-08-17 23:00:00,0.0991,0.1116624758220503,0.0,0.159184551
2030-08-18 00:00:00,0.108,0.13472630560928434,0.0,0.159163587
2030-08-18 01:00:00,0.1145,0.1505690522243714,0.0,0.159126261
2030-08-18 02:00:00,0.12519999999999998,0.1650700193423598,0.0,0.159088935
2030-08-18 03:00:00,0.1271,0.1729549323017408,0.0,0.159051609
2030-08-18 04:00:00,0.118,0.17388974854932304,0.0072,0.15901428199999998
2030-08-18 05:00:00,0.0854,0.14643675048355898,0.1005,0.158976956
2030-08-18 06:00:00,0.1381,0.14470986460348162,0.2472,0.15893963
2030-08-18 07:00:00,0.1356,0.14750038684719533,0.3954,0.158902304
2030-08-18 08:00:00,0.1123,0.13525725338491296,0.5144,0.158864977
2030-08-18 09:00:00,0.0968,0.11174816247582206,0.597,0.158827651
2030-08-18 10:00:00,0.0931,0.09275280464216634,0.6421,0.158790325
2030-08-18 11:00:00,0.0987,0.08130870406189555,0.648,0.158752998
2030-08-18 12:00:00,0.1155,0.078747582205029,0.6173,0.158715672
2030-08-18 13:00:00,0.1407,0.08043036750483559,0.5483,0.158678346
2030-08-18 14:00:00,0.1757,0.0861551257253385,0.4439,0.15864102
2030-08-18 15:00:00,0.2109,0.08339941972920696,0.3095,0.15860369300000002
2030-08-18 16:00:00,0.22849999999999998,0.07770676982591877,0.1582,0.15856636699999999
2030-08-18 17:00:00,0.221,0.08056305609284332,0.0333,0.158529041
2030-08-18 18:00:00,0.199,0.07613056092843326,0.0,0.158491715
2030-08-18 19:00:00,0.1502,0.05981218568665377,0.0,0.158454388
2030-08-18 20:00:00,0.0958,0.04742340425531915,0.0,0.158417062
2030-08-18 21:00:00,0.0721,0.04299052224371373,0.0,0.158379736
2030-08-18 22:00:00,0.0653,0.04518762088974855,0.0,0.15834240900000002
2030-08-18 23:00:00,0.0645,0.05299168278529981,0.0,0.158305083
2030-08-19 00:00:00,0.06149999999999999,0.06750154738878143,0.0,0.15826775699999998
2030-08-19 01:00:00,0.05959999999999999,0.0878303675048356,0.0,0.15814356599999999
2030-08-19 02:00:00,0.0603,0.10595996131528046,0.0,0.158019374
2030-08-19 03:00:00,0.0661,0.1178622823984526,0.0,0.157895183
2030-08-19 04:00:00,0.06759999999999998,0.12233907156673114,0.0068,0.157770992
2030-08-19 05:00:00,0.048,0.09429148936170213,0.0991,0.157646801
2030-08-19 06:00:00,0.0462,0.07209729206963249,0.2459,0.15752261
2030-08-19 07:00:00,0.0483,0.06632553191489363,0.3942,0.157398418
2030-08-19 08:00:00,0.0555,0.06129400386847196,0.5134,0.157274227
2030-08-19 09:00:00,0.06149999999999999,0.05858839458413926,0.5978,0.157150036
2030-08-19 10:00:00,0.06850000000000002,0.060474468085106384,0.6424,0.157025845
2030-08-19 11:00:00,0.0815,0.0616073500967118,0.6489,0.156901653
2030-08-19 12:00:00,0.10010000000000001,0.08398723404255319,0.6159,0.156777462
2030-08-19 13:00:00,0.1226,0.10685841392649903,0.5458,0.15665327099999998
2030-08-19 14:00:00,0.146,0.12273791102514507,0.4397,0.15652908
2030-08-19 15:00:00,0.1611,0.11675512572533848,0.3044,0.156404889
2030-08-19 16:00:00,0.1603,0.10353539651837523,0.1519,0.156280697
2030-08-19 17:00:00,0.1552,0.1013558994197292,0.0298,0.156156506
2030-08-19 18:00:00,0.1401,0.0901551257253385,0.0,0.156032315
2030-08-19 19:00:00,0.102,0.06810386847195357,0.0,0.155908124
2030-08-19 20:00:00,0.0652,0.055269825918762096,0.0,0.15578393199999999
2030-08-19 21:00:00,0.046,0.046620116054158604,0.0,0.155659741
2030-08-19 22:00:00,0.035199999999999995,0.03823172147001934,0.0,0.15553555
2030-08-19 23:00:00,0.0249,0.032194777562862674,0.0,0.155411359
2030-08-20 00:00:00,0.0193,0.031404448742746616,0.0,0.155287168
2030-08-20 01:00:00,0.0162,0.03443017408123791,0.0,0.155100568
2030-08-20 02:00:00,0.0143,0.04029439071566731,0.0,0.154913968
2030-08-20 03:00:00,0.013900000000000001,0.04538723404255319,0.0,0.154727369
2030-08-20 04:00:00,0.0141,0.0487936170212766,0.0058,0.154540769
2030-08-20 05:00:00,0.0095,0.03958781431334622,0.0944,0.154354169
2030-08-20 06:00:00,0.0037,0.025634429400386845,0.2394,0.15416757
2030-08-20 07:00:00,0.006200000000000001,0.016817021276595744,0.3842,0.15398097
2030-08-20 08:00:00,0.008,0.014120502901353964,0.4965,0.15379437
2030-08-20 09:00:00,0.0109,0.014960154738878143,0.5738,0.153607771
2030-08-20 10:00:00,0.0135,0.017462669245647967,0.6123,0.153421171
2030-08-20 11:00:00,0.0172,0.02643539651837524,0.6101,0.15323457099999999
2030-08-20 12:00:00,0.0194,0.04350754352030948,0.5759,0.153047972
2030-08-20 13:00:00,0.026000000000000002,0.05106905222437138,0.5035,0.152861372
2030-08-20 14:00:00,0.0368,0.05055822050290135,0.3983,0.152674772
2030-08-20 15:00:00,0.052000000000000005,0.04934371373307544,0.2696,0.152488172
2030-08-20 16:00:00,0.0787,0.05037736943907156,0.1327,0.152301573
2030-08-20 17:00:00,0.1174,0.05807562862669246,0.0237,0.15211497300000001
2030-08-20 18:00:00,0.121,0.052229206963249515,0.0,0.151928373
2030-08-20 19:00:00,0.0895,0.040527272727272724,0.0,0.151741774
2030-08-20 20:00:00,0.0593,0.0354063829787234,0.0,0.15155517400000001
2030-08-20 21:00:00,0.037200000000000004,0.030784719535783364,0.0,0.151368574
2030-08-20 22:00:00,0.0221,0.02329593810444874,0.0,0.151181975
2030-08-20 23:00:00,0.0151,0.015995938104448743,0.0,0.150995375
2030-08-21 00:00:00,0.0126,0.012967117988394585,0.0,0.150808775
2030-08-21 01:00:00,0.0119,0.012061702127659573,0.0,0.150591977
2030-08-21 02:00:00,0.0118,0.013032882011605417,0.0,0.150375179
2030-08-21 03:00:00,0.0111,0.014133268858800773,0.0,0.150158381
2030-08-21 04:00:00,0.0107,0.01652127659574468,0.0048,0.14994158300000002
2030-08-21 05:00:00,0.0086,0.016218375241779496,0.0897,0.149724785
2030-08-21 06:00:00,0.0001,0.011795357833655706,0.2332,0.14950798699999998
2030-08-21 07:00:00,0.0015,0.00669458413926499,0.379,0.149291189
2030-08-21 08:00:00,0.0079,0.003468278529980658,0.4953,0.149074391
2030-08-21 09:00:00,0.011199999999999998,0.0003094777562862669,0.5805,0.148857593
2030-08-21 10:00:00,0.013999999999999999,0.00228568665377176,0.6216,0.148640795
2030-08-21 11:00:00,0.0195,0.009748742746615085,0.623,0.148423997
2030-08-21 12:00:00,0.0255,0.015703481624758223,0.5844,0.148207199
2030-08-21 13:00:00,0.0356,0.028374081237911027,0.5092,0.147990401
2030-08-21 14:00:00,0.050600000000000006,0.06861063829787234,0.3994,0.147773602
2030-08-21 15:00:00,0.0662,0.09295396518375243,0.2692,0.147556804
2030-08-21 16:00:00,0.08239999999999999,0.0854882011605416,0.1269,0.147340006
2030-08-21 17:00:00,0.0936,0.0758880077369439,0.0207,0.147123208
2030-08-21 18:00:00,0.0746,0.06238413926499033,0.0,0.14690641
2030-08-21 19:00:00,0.0445,0.037316827852998065,0.0,0.146689612
2030-08-21 20:00:00,0.027800000000000002,0.024068471953578335,0.0,0.146472814
2030-08-21 21:00:00,0.0207,0.022335396518375242,0.0,0.146256016
2030-08-21 22:00:00,0.0175,0.019776208897485496,0.0,0.146039218
2030-08-21 23:00:00,0.018699999999999998,0.014704061895551256,0.0,0.14582242
2030-08-22 00:00:00,0.0225,0.009748742746615085,0.0,0.145605622
2030-08-22 01:00:00,0.0281,0.006634235976789168,0.0,0.145389125
2030-08-22 02:00:00,0.0367,0.008564603481624758,0.0,0.145172627
2030-08-22 03:00:00,0.0425,0.011864990328820114,0.0,0.14495613
2030-08-22 04:00:00,0.043500000000000004,0.015852611218568666,0.0038,0.144739633
2030-08-22 05:00:00,0.03409999999999999,0.016705222437137335,0.0857,0.144523136
2030-08-22 06:00:00,0.0143,0.012540618955512573,0.2287,0.14430663900000001
2030-08-22 07:00:00,0.0057,0.01096943907156673,0.3731,0.144090142
2030-08-22 08:00:00,0.0057,0.008549709864603482,0.4895,0.143873645
2030-08-22 09:00:00,0.0063,0.005358800773694391,0.5764,0.143657148
2030-08-22 10:00:00,0.0098,0.003871566731141199,0.6196,0.143440651
2030-08-22 11:00:00,0.0162,0.009920889748549324,0.6256,0.14322415300000002
2030-08-22 12:00:00,0.0246,0.021777562862669245,0.5917,0.14300765599999998
2030-08-22 13:00:00,0.0376,0.04198974854932302,0.5232,0.142791159
2030-08-22 14:00:00,0.0575,0.06563462282398454,0.4171,0.142574662
2030-08-22 15:00:00,0.0811,0.08491953578336557,0.2805,0.142358165
2030-08-22 16:00:00,0.09719999999999998,0.097957833655706,0.1319,0.142141668
2030-08-22 17:00:00,0.0929,0.11216460348162477,0.0205,0.141925171
2030-08-22 18:00:00,0.0691,0.09905996131528047,0.0,0.141708674
2030-08-22 19:00:00,0.0479,0.06647079303675048,0.0,0.141492176
2030-08-22 20:00:00,0.049699999999999994,0.045683172147001926,0.0,0.14127567900000002
2030-08-22 21:00:00,0.0619,0.03472263056092843,0.0,0.141059182
2030-08-22 22:00:00,0.0649,0.027977756286266923,0.0,0.140842685
2030-08-22 23:00:00,0.0688,0.023858027079303675,0.0,0.140626188
2030-08-23 00:00:00,0.0674,0.021988974854932303,0.0,0.140409691
2030-08-23 01:00:00,0.0627,0.022695744680851063,0.0,0.140221808
2030-08-23 02:00:00,0.0583,0.027113346228239847,0.0,0.140033925
2030-08-23 03:00:00,0.0521,0.03507833655705996,0.0,0.139846043
2030-08-23 04:00:00,0.0467,0.04276092843326886,0.0034,0.13965816
2030-08-23 05:00:00,0.0354,0.037013346228239846,0.082,0.139470277
2030-08-23 06:00:00,0.0175,0.024640038684719534,0.2237,0.139282395
2030-08-23 07:00:00,0.0046,0.02153230174081238,0.3672,0.139094512
2030-08-23 08:00:00,0.0026,0.015887040618955513,0.4829,0.138906629
2030-08-23 09:00:00,0.004200000000000001,0.020659187620889752,0.5657,0.138718747
2030-08-23 10:00:00,0.0072,0.03648239845261122,0.6036,0.138530864
2030-08-23 11:00:00,0.0102,0.049685106382978725,0.6074,0.138342981
2030-08-23 12:00:00,0.015300000000000001,0.06049323017408123,0.5714,0.138155099
2030-08-23 13:00:00,0.0244,0.07001083172147002,0.5,0.137967216
2030-08-23 14:00:00,0.03379999999999999,0.08089961315280465,0.3947,0.137779333
2030-08-23 15:00:00,0.0381,0.09315957446808512,0.2645,0.137591451
2030-08-23 16:00:00,0.0444,0.10356441005802708,0.1248,0.137403568
2030-08-23 17:00:00,0.04,0.11033965183752419,0.0194,0.137215685
2030-08-23 18:00:00,0.0422,0.10278723404255319,0.0,0.137027802
2030-08-23 19:00:00,0.056900000000000006,0.0799825918762089,0.0,0.13683992
2030-08-23 20:00:00,0.10450000000000001,0.06560715667311412,0.0,0.136652037
2030-08-23 21:00:00,0.15210000000000004,0.055969632495164415,0.0,0.136464154
2030-08-23 22:00:00,0.1667,0.04519090909090909,0.0,0.136276272
2030-08-23 23:00:00,0.1541,0.03870232108317215,0.0,0.136088389
2030-08-24 00:00:00,0.1445,0.0384174081237911,0.0,0.135900506
2030-08-24 01:00:00,0.1351,0.04332185686653772,0.0,0.135762717
2030-08-24 02:00:00,0.1255,0.05205880077369439,0.0,0.135624927
2030-08-24 03:00:00,0.1108,0.05023288201160541,0.0,0.135487138
2030-08-24 04:00:00,0.0987,0.042283365570599606,0.0032,0.135349348
2030-08-24 05:00:00,0.0648,0.028167311411992257,0.0819,0.135211558
2030-08-24 06:00:00,0.04479999999999999,0.016000580270793038,0.2195,0.135073769
2030-08-24 07:00:00,0.0409,0.015316827852998066,0.3587,0.134935979
2030-08-24 08:00:00,0.054599999999999996,0.022979883945841394,0.4713,0.134798189
2030-08-24 09:00:00,0.06819999999999998,0.04170831721470019,0.5576,0.1346604
2030-08-24 10:00:00,0.0807,0.06773926499032881,0.6024,0.13452261
2030-08-24 11:00:00,0.1025,0.09378510638297873,0.6119,0.134384821
2030-08-24 12:00:00,0.13700000000000004,0.11420967117988394,0.5836,0.134247031
2030-08-24 13:00:00,0.1685,0.12429941972920698,0.5163,0.134109241
2030-08-24 14:00:00,0.1894,0.11954487427466151,0.4107,0.133971452
2030-08-24 15:00:00,0.216,0.11044216634429402,0.2759,0.133833662
2030-08-24 16:00:00,0.2389,0.10216905222437137,0.1309,0.13369587300000002
2030-08-24 17:00:00,0.2234,0.09520212765957446,0.0206,0.133558083
2030-08-24 18:00:00,0.1992,0.07706769825918762,0.0,0.133420293
2030-08-24 19:00:00,0.1729,0.06972069632495165,0.0,0.133282504
2030-08-24 20:00:00,0.16620000000000001,0.07353868471953577,0.0,0.133144714
2030-08-24 21:00:00,0.1714,0.07946479690522243,0.0,0.133006924
2030-08-24 22:00:00,0.189,0.07559825918762089,0.0,0.132869135
2030-08-24 23:00:00,0.2027,0.07295996131528046,0.0,0.132731345
2030-08-25 00:00:00,0.2081,0.07645261121856865,0.0,0.132593556
2030-08-25 01:00:00,0.2096,0.07895299806576403,0.0,0.132474584
2030-08-25 02:00:00,0.2081,0.08245009671179883,0.0,0.13235561199999998
2030-08-25 03:00:00,0.2093,0.08411508704061894,0.0,0.13223664
2030-08-25 04:00:00,0.1931,0.08231624758220503,0.003,0.132117667
2030-08-25 05:00:00,0.1326,0.0644458413926499,0.0801,0.131998695
2030-08-25 06:00:00,0.11600000000000002,0.05754661508704062,0.2271,0.131879723
2030-08-25 07:00:00,0.1175,0.049633268858800775,0.3771,0.131760751
2030-08-25 08:00:00,0.08810000000000001,0.03235164410058027,0.4992,0.13164177900000001
2030-08-25 09:00:00,0.07369999999999999,0.027064410058027077,0.5813,0.131522807
2030-08-25 10:00:00,0.07660000000000002,0.03530541586073501,0.6221,0.131403835
2030-08-25 11:00:00,0.0844,0.04839748549323017,0.6214,0.131284863
2030-08-25 12:00:00,0.0968,0.059972727272727275,0.582,0.131165891
2030-08-25 13:00:00,0.1121,0.060543520309477745,0.5045,0.131046919
2030-08-25 14:00:00,0.12309999999999999,0.05941315280464216,0.3954,0.130927947
2030-08-25 15:00:00,0.1324,0.06143384912959381,0.262,0.130808975
2030-08-25 16:00:00,0.14990000000000003,0.06961586073500967,0.1194,0.130690003
2030-08-25 17:00:00,0.1723,0.08832630560928434,0.0157,0.130571031
2030-08-25 18:00:00,0.1539,0.10359148936170211,0.0,0.130452059
2030-08-25 19:00:00,0.13409999999999997,0.1092806576402321,0.0,0.130333087
2030-08-25 20:00:00,0.12390000000000001,0.11714816247582203,0.0,0.130214115
2030-08-25 21:00:00,0.122,0.12471025145067698,0.0,0.130095143
2030-08-25 22:00:00,0.142,0.1175615087040619,0.0,0.129976171
2030-08-25 23:00:00,0.1711,0.11544448742746617,0.0,0.129857199
2030-08-26 00:00:00,0.1951,0.11010154738878143,0.0,0.12973822699999998
2030-08-26 01:00:00,0.2117,0.10894545454545453,0.0,0.129640797
2030-08-26 02:00:00,0.2193,0.11269264990328819,0.0,0.129543367
2030-08-26 03:00:00,0.2247,0.11270618955512572,0.0,0.12944593699999998
2030-08-26 04:00:00,0.2261,0.1076237911025145,0.002,0.129348507
2030-08-26 05:00:00,0.1691,0.09942959381044489,0.0542,0.129251076
2030-08-26 06:00:00,0.163,0.1007760154738878,0.1616,0.12915364599999998
2030-08-26 07:00:00,0.15699999999999997,0.1146284332688588,0.2797,0.129056216
2030-08-26 08:00:00,0.1578,0.13259110251450676,0.3879,0.128958786
2030-08-26 09:00:00,0.181,0.15940967117988394,0.475,0.12886135599999998
2030-08-26 10:00:00,0.2308,0.19333075435203095,0.522,0.128763926
2030-08-26 11:00:00,0.28159999999999996,0.22383075435203093,0.5391,0.128666496
2030-08-26 12:00:00,0.3176999999999999,0.2481613152804642,0.5184,0.128569066
2030-08-26 13:00:00,0.33460000000000006,0.28341063829787233,0.4677,0.128471636
2030-08-26 14:00:00,0.32930000000000004,0.3254980657640232,0.3789,0.128374206
2030-08-26 15:00:00,0.2724,0.3620713733075435,0.2653,0.128276776
2030-08-26 16:00:00,0.20900000000000002,0.3657785299806577,0.1349,0.128179346
2030-08-26 17:00:00,0.1655,0.34931179883945845,0.0246,0.128081916
2030-08-26 18:00:00,0.1406,0.4038533849129593,0.0,0.127984486
2030-08-26 19:00:00,0.1315,0.4032694390715667,0.0,0.127887056
2030-08-26 20:00:00,0.14650000000000002,0.38694816247582203,0.0,0.127789626
2030-08-26 21:00:00,0.17730000000000004,0.3671311411992263,0.0,0.127692196
2030-08-26 22:00:00,0.1954,0.34752437137330755,0.0,0.127594766
2030-08-26 23:00:00,0.2029,0.3184775628626692,0.0,0.127497336
2030-08-27 00:00:00,0.1741,0.2954029013539652,0.0,0.127399906
2030-08-27 01:00:00,0.1357,0.28613423597678916,0.0,0.12737236
2030-08-27 02:00:00,0.10340000000000002,0.28368317214700195,0.0,0.127344815
2030-08-27 03:00:00,0.1582,0.2760011605415861,0.0,0.12731727
2030-08-27 04:00:00,0.27,0.2615899419729207,0.0024,0.127289725
2030-08-27 05:00:00,0.3684,0.24729497098646033,0.0899,0.127262179
2030-08-27 06:00:00,0.36630000000000007,0.27155938104448746,0.2485,0.127234634
2030-08-27 07:00:00,0.36560000000000004,0.2435986460348162,0.4092,0.127207089
2030-08-27 08:00:00,0.3646,0.21331953578336557,0.5369,0.127179544
2030-08-27 09:00:00,0.37090000000000006,0.18993887814313348,0.6265,0.12715199800000002
2030-08-27 10:00:00,0.3887,0.17791856866537717,0.6742,0.127124453
2030-08-27 11:00:00,0.40879999999999994,0.18027601547388783,0.6819,0.127096908
2030-08-27 12:00:00,0.4284,0.1908738878143133,0.6502,0.12706936300000002
2030-08-27 13:00:00,0.4381,0.19884352030947774,0.5791,0.127041817
2030-08-27 14:00:00,0.4274,0.19499284332688588,0.469,0.12701427199999998
2030-08-27 15:00:00,0.40509999999999996,0.1899887814313346,0.3236,0.126986727
2030-08-27 16:00:00,0.3773000000000001,0.19131760154738878,0.158,0.126959182
2030-08-27 17:00:00,0.3083,0.21796885880077368,0.0269,0.126931636
2030-08-27 18:00:00,0.241,0.2615684719535783,0.0,0.126904091
2030-08-27 19:00:00,0.2114,0.3163251450676982,0.0,0.126876546
2030-08-27 20:00:00,0.20989999999999998,0.3373723404255319,0.0,0.126849001
2030-08-27 21:00:00,0.2118,0.2971197292069633,0.0,0.126821455
2030-08-27 22:00:00,0.21460000000000004,0.25127466150870403,0.0,0.12679391
2030-08-27 23:00:00,0.2172,0.22648123791102517,0.0,0.126766365
2030-08-28 00:00:00,0.2017,0.2047959381044488,0.0,0.12673882
2030-08-28 01:00:00,0.1668,0.19448123791102515,0.0,0.126684703
2030-08-28 02:00:00,0.1575,0.175452998065764,0.0,0.126630587
2030-08-28 03:00:00,0.14519999999999997,0.15602185686653772,0.0,0.126576471
2030-08-28 04:00:00,0.11820000000000001,0.1343100580270793,0.0025,0.126522354
2030-08-28 05:00:00,0.0787,0.10439342359767892,0.0906,0.126468238
2030-08-28 06:00:00,0.10809999999999999,0.0932705996131528,0.2463,0.126414122
2030-08-28 07:00:00,0.0917,0.07147736943907157,0.4018,0.126360005
2030-08-28 08:00:00,0.0675,0.053260154738878136,0.5242,0.126305889
2030-08-28 09:00:00,0.0577,0.0428725338491296,0.6074,0.12625177199999998
2030-08-28 10:00:00,0.05450000000000001,0.04312882011605416,0.6524,0.126197656
2030-08-28 11:00:00,0.0565,0.0572926499032882,0.6593,0.12614354
2030-08-28 12:00:00,0.0587,0.0904909090909091,0.6248,0.126089423
2030-08-28 13:00:00,0.0581,0.10872649903288202,0.5518,0.12603530699999999
2030-08-28 14:00:00,0.054599999999999996,0.11840541586073501,0.4404,0.125981191
2030-08-28 15:00:00,0.0493,0.1330044487427466,0.2986,0.125927074
2030-08-28 16:00:00,0.045700000000000005,0.16440522243713734,0.1391,0.125872958
2030-08-28 17:00:00,0.0515,0.18659787234042555,0.0188,0.125818842
2030-08-28 18:00:00,0.030399999999999996,0.17285087040618957,0.0,0.125764725
2030-08-28 19:00:00,0.008400000000000001,0.13939574468085109,0.0,0.125710609
2030-08-28 20:00:00,0.0018,0.1103936170212766,0.0,0.125656493
2030-08-28 21:00:00,0.0032,0.08636402321083171,0.0,0.125602376
2030-08-28 22:00:00,0.004200000000000001,0.06883404255319149,0.0,0.12554826
2030-08-28 23:00:00,0.0034999999999999996,0.05245048355899419,0.0,0.125494143
2030-08-29 00:00:00,0.003,0.03874506769825919,0.0,0.12544002699999998
2030-08-29 01:00:00,0.0047,0.030900580270793038,0.0,0.125351491
2030-08-29 02:00:00,0.0082,0.02903346228239845,0.0,0.125262955
2030-08-29 03:00:00,0.0141,0.03002398452611218,0.0,0.125174419
2030-08-29 04:00:00,0.0198,0.02994003868471953,0.0019,0.125085883
2030-08-29 05:00:00,0.019,0.023745454545454545,0.0763,0.124997347
2030-08-29 06:00:00,0.0106,0.019654545454545456,0.217,0.124908811
2030-08-29 07:00:00,0.021,0.0128825918762089,0.3622,0.124820275
2030-08-29 08:00:00,0.0268,0.007904448742746616,0.4793,0.12473173900000001
2030-08-29 09:00:00,0.0319,0.007823791102514507,0.5592,0.12464320300000001
2030-08-29 10:00:00,0.0396,0.02193887814313346,0.597,0.124554667
2030-08-29 11:00:00,0.0493,0.03895764023210831,0.5949,0.124466131
2030-08-29 12:00:00,0.05949999999999999,0.05914139264990329,0.5518,0.124377595
2030-08-29 13:00:00,0.06850000000000002,0.0859,0.4719,0.12428905900000001
2030-08-29 14:00:00,0.0731,0.11219690522243714,0.3622,0.124200522
2030-08-29 15:00:00,0.0742,0.1358715667311412,0.2383,0.124111986
2030-08-29 16:00:00,0.07259999999999998,0.15535783365570602,0.1066,0.12402345
2030-08-29 17:00:00,0.0498,0.16031586073500967,0.0101,0.12393491400000001
2030-08-29 18:00:00,0.0214,0.12804371373307544,0.0,0.12384637800000001
2030-08-29 19:00:00,0.009,0.08079883945841393,0.0,0.12375784199999999
2030-08-29 20:00:00,0.0091,0.046629206963249514,0.0,0.12366930599999999
2030-08-29 21:00:00,0.0132,0.025659961315280467,0.0,0.12358077
2030-08-29 22:00:00,0.0148,0.02035512572533849,0.0,0.123492234
2030-08-29 23:00:00,0.0148,0.024628820116054155,0.0,0.123403698
2030-08-30 00:00:00,0.0137,0.030311411992263056,0.0,0.12331516199999999
2030-08-30 01:00:00,0.0123,0.034736363636363635,0.0,0.12321159400000001
2030-08-30 02:00:00,0.0111,0.04349342359767891,0.0,0.123108026
2030-08-30 03:00:00,0.0111,0.05662785299806576,0.0,0.12300445800000001
2030-08-30 04:00:00,0.0134,0.06318704061895551,0.0014,0.12290089
2030-08-30 05:00:00,0.0128,0.054282591876208895,0.0683,0.12279732199999999
2030-08-30 06:00:00,0.0027999999999999995,0.04250657640232108,0.2009,0.122693754
2030-08-30 07:00:00,0.0082,0.03185976789168279,0.3406,0.12259018699999999
2030-08-30 08:00:00,0.019,0.022664796905222436,0.4598,0.122486619
2030-08-30 09:00:00,0.0343,0.020729013539651838,0.5295,0.12238305099999999
2030-08-30 10:00:00,0.0483,0.024116634429400388,0.5507,0.12227948300000001
2030-08-30 11:00:00,0.0572,0.03557001934235977,0.5398,0.122175915
2030-08-30 12:00:00,0.06259999999999999,0.05468588007736944,0.5047,0.122072347
2030-08-30 13:00:00,0.0684,0.07694738878143133,0.4404,0.121968779
2030-08-30 14:00:00,0.07259999999999998,0.09517601547388782,0.3477,0.121865211
2030-08-30 15:00:00,0.0706,0.11194912959381044,0.2237,0.121761643
2030-08-30 16:00:00,0.0634,0.12613172147001933,0.0951,0.121658075
2030-08-30 17:00:00,0.0445,0.12647117988394585,0.0075,0.12155450699999999
2030-08-30 18:00:00,0.0225,0.09775705996131528,0.0,0.12145093900000001
2030-08-30 19:00:00,0.016800000000000002,0.06532572533849129,0.0,0.121347371
2030-08-30 20:00:00,0.0295,0.051042359767891676,0.0,0.12124380400000001
2030-08-30 21:00:00,0.0579,0.04634951644100581,0.0,0.121140236
2030-08-30 22:00:00,0.0918,0.048752998065764025,0.0,0.12103666800000001
2030-08-30 23:00:00,0.11270000000000001,0.053901740812379105,0.0,0.12093310000000002
2030-08-31 00:00:00,0.12240000000000001,0.05807717601547389,0.0,0.12082953199999999
2030-08-31 01:00:00,0.1334,0.057790715667311414,0.0,0.120891742
2030-08-31 02:00:00,0.1493,0.05480580270793037,0.0,0.120953953
2030-08-31 03:00:00,0.1628,0.05225589941972922,0.0,0.12101616300000001
2030-08-31 04:00:00,0.17589999999999997,0.05488510638297873,0.001,0.121078374
2030-08-31 05:00:00,0.1376,0.056226305609284336,0.0464,0.12114058400000001
2030-08-31 06:00:00,0.1214,0.06616170212765957,0.1494,0.121202795
2030-08-31 07:00:00,0.11820000000000001,0.0858311411992263,0.266,0.121265005
2030-08-31 08:00:00,0.125,0.09853462282398454,0.3765,0.121327215
2030-08-31 09:00:00,0.1462,0.10702495164410059,0.4689,0.121389426
2030-08-31 10:00:00,0.1801,0.1169752417794971,0.5195,0.121451636
2030-08-31 11:00:00,0.2183,0.13756827852998066,0.5327,0.121513847
2030-08-31 12:00:00,0.2595,0.16723114119922627,0.4951,0.12157605699999999
2030-08-31 13:00:00,0.3055,0.2052382978723404,0.4273,0.12163826800000001
2030-08-31 14:00:00,0.3345,0.24235473887814313,0.3326,0.121700478
2030-08-31 15:00:00,0.3385,0.2608816247582205,0.216,0.12176268900000001
2030-08-31 16:00:00,0.2962,0.2761228239845261,0.0906,0.121824899
2030-08-31 17:00:00,0.21570000000000003,0.3000713733075435,0.0081,0.12188710900000001
2030-08-31 18:00:00,0.1802,0.30152011605415857,0.0,0.12194932
2030-08-31 19:00:00,0.19779999999999998,0.24591160541586077,0.0,0.12201153
2030-08-31 20:00:00,0.2198,0.1790340425531915,0.0,0.122073741
2030-08-31 21:00:00,0.22980000000000003,0.13558375241779497,0.0,0.12213595099999999
2030-08-31 22:00:00,0.23289999999999997,0.12899090909090907,0.0,0.122198162
2030-08-31 23:00:00,0.2338,0.14846847195357835,0.0,0.12226037199999999
2030-09-01 00:00:00,0.2737,0.1389918762088975,0.0,0.12232258300000001
2030-09-01 01:00:00,0.2809,0.12225048355899419,0.0,0.123003888
2030-09-01 02:00:00,0.1985,0.1142191489361702,0.0,0.12368519300000001
2030-09-01 03:00:00,0.1371,0.10865164410058027,0.0,0.124366499
2030-09-01 04:00:00,0.11809999999999998,0.10876441005802709,0.0004,0.125047804
2030-09-01 05:00:00,0.1202,0.09594835589941973,0.0398,0.12572911
2030-09-01 06:00:00,0.1317,0.07764564796905223,0.1419,0.126410415
2030-09-01 07:00:00,0.1032,0.05403307543520309,0.2436,0.12709172
2030-09-01 08:00:00,0.1116,0.041187427466150874,0.3182,0.12777302599999998
2030-09-01 09:00:00,0.1348,0.050744874274661504,0.3679,0.128454331
2030-09-01 10:00:00,0.1089,0.07389980657640231,0.4034,0.129135637
2030-09-01 11:00:00,0.0679,0.1250442940038685,0.4103,0.129816942
2030-09-01 12:00:00,0.055600000000000004,0.18585686653771763,0.3805,0.13049824699999998
2030-09-01 13:00:00,0.0658,0.24109941972920695,0.3191,0.131179553
2030-09-01 14:00:00,0.0826,0.2864895551257254,0.2487,0.131860858
2030-09-01 15:00:00,0.0845,0.29595589941972916,0.1708,0.132542164
2030-09-01 16:00:00,0.0698,0.28985686653771764,0.0782,0.133223469
2030-09-01 17:00:00,0.0656,0.2991029013539652,0.0067,0.133904775
2030-09-01 18:00:00,0.0532,0.297184332688588,0.0,0.13458608
2030-09-01 19:00:00,0.03629999999999999,0.2716866537717602,0.0,0.135267385
2030-09-01 20:00:00,0.0286,0.2232305609284333,0.0,0.13594869099999998
2030-09-01 21:00:00,0.025300000000000003,0.16804468085106383,0.0,0.136629996
2030-09-01 22:00:00,0.0201,0.11489961315280464,0.0,0.137311302
2030-09-01 23:00:00,0.0132,0.07776015473887815,0.0,0.137992607
2030-09-02 00:00:00,0.008799999999999999,0.05500851063829787,0.0,0.13867391199999998
2030-09-02 01:00:00,0.0068,0.04254487427466151,0.0,0.13937793199999998
2030-09-02 02:00:00,0.0047,0.03954951644100581,0.0,0.140081951
2030-09-02 03:00:00,0.0039000000000000003,0.034573114119922636,0.0,0.140785971
2030-09-02 04:00:00,0.0041,0.027590909090909093,0.0005,0.141489991
2030-09-02 05:00:00,0.0021999999999999997,0.0192284332688588,0.0432,0.14219401
2030-09-02 06:00:00,0.0001,0.021529593810444874,0.1437,0.14289803
2030-09-02 07:00:00,0.0085,0.02580154738878143,0.258,0.143602049
2030-09-02 08:00:00,0.0158,0.03901818181818182,0.3575,0.144306069
2030-09-02 09:00:00,0.022300000000000004,0.06734912959381045,0.4204,0.145010088
2030-09-02 10:00:00,0.0245,0.10630676982591877,0.4437,0.145714108
2030-09-02 11:00:00,0.0288,0.13058471953578335,0.4361,0.14641812699999998
2030-09-02 12:00:00,0.0376,0.13735996131528047,0.4089,0.14712214699999998
2030-09-02 13:00:00,0.04479999999999999,0.13948916827852997,0.3485,0.147826166
2030-09-02 14:00:00,0.0462,0.1370744680851064,0.2689,0.148530186
2030-09-02 15:00:00,0.0427,0.1210027079303675,0.1625,0.149234206
2030-09-02 16:00:00,0.0428,0.10095125725338491,0.0597,0.149938225
2030-09-02 17:00:00,0.043699999999999996,0.0861468085106383,0.0042,0.150642245
2030-09-02 18:00:00,0.045700000000000005,0.07615396518375242,0.0,0.151346264
2030-09-02 19:00:00,0.0348,0.08385725338491297,0.0,0.152050284
2030-09-02 20:00:00,0.0276,0.11880444874274661,0.0,0.152754303
2030-09-02 21:00:00,0.0274,0.1407992263056093,0.0,0.153458323
2030-09-02 22:00:00,0.037399999999999996,0.16569535783365572,0.0,0.15416234199999998
2030-09-02 23:00:00,0.0655,0.18670116054158606,0.0,0.15486636199999998
2030-09-03 00:00:00,0.0931,0.15797736943907154,0.0,0.15557038199999998
2030-09-03 01:00:00,0.10730000000000002,0.11230328820116055,0.0,0.156048384
2030-09-03 02:00:00,0.09,0.0908916827852998,0.0,0.156526387
2030-09-03 03:00:00,0.07270000000000001,0.0955201160541586,0.0,0.15700439
2030-09-03 04:00:00,0.0753,0.12251914893617019,0.0001,0.157482393
2030-09-03 05:00:00,0.0957,0.16079148936170212,0.0191,0.157960395
2030-09-03 06:00:00,0.0984,0.21658394584139262,0.0796,0.158438398
2030-09-03 07:00:00,0.191,0.2307771760154739,0.161,0.15891640099999998
2030-09-03 08:00:00,0.2634,0.20902785299806576,0.2399,0.15939440400000002
2030-09-03 09:00:00,0.2239,0.2081943907156673,0.3007,0.159872406
2030-09-03 10:00:00,0.19439999999999996,0.21728974854932304,0.3347,0.160350409
2030-09-03 11:00:00,0.2401,0.21640793036750486,0.3422,0.160828412
2030-09-03 12:00:00,0.191,0.22223733075435204,0.2935,0.161306415
2030-09-03 13:00:00,0.1091,0.2058715667311412,0.2386,0.16178441699999999
2030-09-03 14:00:00,0.101,0.18109439071566732,0.185,0.16226242
2030-09-03 15:00:00,0.09140000000000001,0.1774255319148936,0.114,0.162740423
2030-09-03 16:00:00,0.068,0.18026286266924568,0.0486,0.163218426
2030-09-03 17:00:00,0.047,0.1906661508704062,0.0027,0.163696429
2030-09-03 18:00:00,0.0391,0.21124584139264993,0.0,0.164174431
2030-09-03 19:00:00,0.0439,0.2198429400386847,0.0,0.16465243400000001
2030-09-03 20:00:00,0.04859999999999999,0.22340251450676982,0.0,0.165130437
2030-09-03 21:00:00,0.05959999999999999,0.19753558994197293,0.0,0.16560844
2030-09-03 22:00:00,0.0675,0.169263249516441,0.0,0.166086442
2030-09-03 23:00:00,0.06850000000000002,0.14473771760154738,0.0,0.166564445
2030-09-04 00:00:00,0.06649999999999999,0.12313268858800772,0.0,0.167042448
2030-09-04 01:00:00,0.063,0.10150889748549324,0.0,0.167254367
2030-09-04 02:00:00,0.0649,0.08163036750483559,0.0,0.167466287
2030-09-04 03:00:00,0.0717,0.0784887814313346,0.0,0.167678206
2030-09-04 04:00:00,0.0807,0.08525570599613153,0.0003,0.16789012600000003
2030-09-04 05:00:00,0.0662,0.08636808510638297,0.0343,0.168102045
2030-09-04 06:00:00,0.07,0.09736615087040619,0.1174,0.168313965
2030-09-04 07:00:00,0.07039999999999999,0.13551102514506772,0.21,0.168525884
2030-09-04 08:00:00,0.0684,0.1835218568665377,0.2964,0.16873780300000002
2030-09-04 09:00:00,0.07239999999999999,0.22339148936170214,0.363,0.168949723
2030-09-04 10:00:00,0.08299999999999999,0.24783791102514505,0.4069,0.169161642
2030-09-04 11:00:00,0.09530000000000001,0.2640355899419729,0.4123,0.169373562
2030-09-04 12:00:00,0.10329999999999999,0.2771222437137331,0.3812,0.169585481
2030-09-04 13:00:00,0.1079,0.2886694390715668,0.3257,0.16979740100000001
2030-09-04 14:00:00,0.1052,0.2920862669245648,0.2496,0.17000932
2030-09-04 15:00:00,0.1013,0.29046982591876214,0.1587,0.17022124
2030-09-04 16:00:00,0.10730000000000002,0.27478317214700193,0.0618,0.17043315899999997
2030-09-04 17:00:00,0.1282,0.23995396518375245,0.0029,0.170645078
2030-09-04 18:00:00,0.1409,0.2004758220502901,0.0,0.170856998
2030-09-04 19:00:00,0.1493,0.17485512572533848,0.0,0.171068917
2030-09-04 20:00:00,0.1414,0.1659228239845261,0.0,0.171280837
2030-09-04 21:00:00,0.12810000000000002,0.1650127659574468,0.0,0.17149275600000002
2030-09-04 22:00:00,0.1088,0.16576228239845262,0.0,0.17170467600000003
2030-09-04 23:00:00,0.0978,0.1631725338491296,0.0,0.171916595
2030-09-05 00:00:00,0.0964,0.15932882011605418,0.0,0.172128515
2030-09-05 01:00:00,0.09,0.15338027079303676,0.0,0.172256658
2030-09-05 02:00:00,0.0836,0.15091450676982593,0.0,0.172384801
2030-09-05 03:00:00,0.0825,0.16018820116054158,0.0,0.17251294399999997
2030-09-05 04:00:00,0.0876,0.17936015473887812,0.0004,0.172641087
2030-09-05 05:00:00,0.08200000000000002,0.19111934235976788,0.0379,0.17276923100000002
2030-09-05 06:00:00,0.0956,0.21430058027079307,0.1403,0.172897374
2030-09-05 07:00:00,0.11199999999999999,0.24173636363636364,0.2618,0.173025517
2030-09-05 08:00:00,0.14430000000000004,0.284257253384913,0.3682,0.17315366
2030-09-05 09:00:00,0.1736,0.3092591876208897,0.443,0.17328180399999998
2030-09-05 10:00:00,0.1856,0.3183145067698259,0.463,0.17340994699999998
2030-09-05 11:00:00,0.2021,0.3329071566731141,0.4391,0.17353809
2030-09-05 12:00:00,0.215,0.3508911025145068,0.3873,0.173666233
2030-09-05 13:00:00,0.2125,0.3498145067698259,0.3251,0.173794377
2030-09-05 14:00:00,0.1971,0.3253050290135397,0.25,0.17392252
2030-09-05 15:00:00,0.17390000000000003,0.3045564796905223,0.1592,0.174050663
2030-09-05 16:00:00,0.1372,0.2976806576402321,0.0635,0.17417880600000002
2030-09-05 17:00:00,0.1058,0.275073500967118,0.003,0.174306949
2030-09-05 18:00:00,0.09609999999999999,0.2352257253384913,0.0,0.174435093
2030-09-05 19:00:00,0.0984,0.20695087040618956,0.0,0.174563236
2030-09-05 20:00:00,0.1072,0.18944622823984528,0.0,0.17469137899999998
2030-09-05 21:00:00,0.1145,0.15507698259187622,0.0,0.174819522
2030-09-05 22:00:00,0.1219,0.11935493230174082,0.0,0.174947666
2030-09-05 23:00:00,0.1247,0.11544912959381044,0.0,0.175075809
2030-09-06 00:00:00,0.1289,0.12314932301740812,0.0,0.175203952
2030-09-06 01:00:00,0.1241,0.10857001934235977,0.0,0.17529572699999998
2030-09-06 02:00:00,0.1132,0.09028162475822049,0.0,0.175387503
2030-09-06 03:00:00,0.1078,0.08865067698259187,0.0,0.17547927800000002
2030-09-06 04:00:00,0.10439999999999999,0.10290116054158606,0.0003,0.175571053
2030-09-06 05:00:00,0.0734,0.11143984526112186,0.0412,0.17566282800000002
2030-09-06 06:00:00,0.08409999999999998,0.13026924564796905,0.1619,0.17575460399999998
2030-09-06 07:00:00,0.1108,0.1511441005802708,0.3092,0.175846379
2030-09-06 08:00:00,0.1114,0.17787350096711796,0.433,0.17593815399999999
2030-09-06 09:00:00,0.0988,0.2145870406189555,0.511,0.17602992899999997
2030-09-06 10:00:00,0.08640000000000002,0.250352417794971,0.5555,0.176121705
2030-09-06 11:00:00,0.0884,0.29189148936170217,0.562,0.17621348
2030-09-06 12:00:00,0.0988,0.32476286266924564,0.5328,0.176305255
2030-09-06 13:00:00,0.1116,0.3365301740812379,0.4715,0.17639703
2030-09-06 14:00:00,0.1261,0.3316586073500967,0.3746,0.17648880600000003
2030-09-06 15:00:00,0.1299,0.3194558994197292,0.2478,0.17658058100000001
2030-09-06 16:00:00,0.1135,0.2859698259187621,0.1051,0.176672356
2030-09-06 17:00:00,0.096,0.2519558994197292,0.0078,0.176764132
2030-09-06 18:00:00,0.08409999999999998,0.23477292069632497,0.0,0.17685590699999998
2030-09-06 19:00:00,0.0915,0.2205918762088975,0.0,0.176947682
2030-09-06 20:00:00,0.1009,0.2263369439071567,0.0,0.17703945699999998
2030-09-06 21:00:00,0.1177,0.2312781431334623,0.0,0.177131233
2030-09-06 22:00:00,0.1247,0.24022591876208896,0.0,0.17722300800000002
2030-09-06 23:00:00,0.1238,0.23963191489361702,0.0,0.177314783
2030-09-07 00:00:00,0.1211,0.22642495164410056,0.0,0.17740655800000002
2030-09-07 01:00:00,0.1135,0.20756266924564795,0.0,0.177472325
2030-09-07 02:00:00,0.1028,0.1856725338491296,0.0,0.177538091
2030-09-07 03:00:00,0.10730000000000002,0.1826044487427466,0.0,0.177603858
2030-09-07 04:00:00,0.1126,0.1914570599613153,0.0002,0.177669624
2030-09-07 05:00:00,0.0906,0.17387756286266925,0.0478,0.17773539100000002
2030-09-07 06:00:00,0.12390000000000001,0.14994874274661507,0.1904,0.177801157
2030-09-07 07:00:00,0.1798,0.1251841392649903,0.349,0.17786692399999998
2030-09-07 08:00:00,0.204,0.10531218568665378,0.4854,0.17793269
2030-09-07 09:00:00,0.2043,0.08657601547388781,0.5873,0.177998457
2030-09-07 10:00:00,0.1912,0.07537756286266925,0.6366,0.178064223
2030-09-07 11:00:00,0.173,0.07902301740812379,0.643,0.17812999
2030-09-07 12:00:00,0.15660000000000002,0.09600290135396519,0.6033,0.178195756
2030-09-07 13:00:00,0.1483,0.1120100580270793,0.5276,0.178261522
2030-09-07 14:00:00,0.1498,0.10959690522243715,0.4129,0.17832728899999997
2030-09-07 15:00:00,0.1513,0.10002746615087041,0.2656,0.178393055
2030-09-07 16:00:00,0.1486,0.09272263056092843,0.1088,0.178458822
2030-09-07 17:00:00,0.1498,0.0888441005802708,0.0072,0.178524588
2030-09-07 18:00:00,0.1295,0.10992166344294003,0.0,0.178590355
2030-09-07 19:00:00,0.0975,0.1232046421663443,0.0,0.178656121
2030-09-07 20:00:00,0.0798,0.1437019342359768,0.0,0.178721888
2030-09-07 21:00:00,0.07849999999999999,0.16428936170212768,0.0,0.178787654
2030-09-07 22:00:00,0.08420000000000001,0.17422340425531915,0.0,0.178853421
2030-09-07 23:00:00,0.0859,0.1758978723404255,0.0,0.17891918699999998
2030-09-08 00:00:00,0.08420000000000001,0.1715222437137331,0.0,0.17898495399999997
2030-09-08 01:00:00,0.08409999999999998,0.16860309477756286,0.0,0.178957321
2030-09-08 02:00:00,0.0877,0.16526228239845261,0.0,0.17892968899999998
2030-09-08 03:00:00,0.09,0.16263675048355902,0.0,0.178902056
2030-09-08 04:00:00,0.089,0.1579404255319149,0.0002,0.17887442399999998
2030-09-08 05:00:00,0.0703,0.14254177949709865,0.0605,0.178846792
2030-09-08 06:00:00,0.0887,0.13434758220502901,0.2123,0.17881915899999998
2030-09-08 07:00:00,0.08050000000000002,0.12112843326885879,0.3708,0.178791527
2030-09-08 08:00:00,0.0529,0.09408201160541584,0.5009,0.178763895
2030-09-08 09:00:00,0.0373,0.061489941972920695,0.5933,0.17873626199999998
2030-09-08 10:00:00,0.030700000000000005,0.0433504835589942,0.6434,0.17870863
2030-09-08 11:00:00,0.031200000000000002,0.04232301740812379,0.6499,0.17868099699999998
2030-09-08 12:00:00,0.03470000000000001,0.04806518375241779,0.6161,0.178653365
2030-09-08 13:00:00,0.0403,0.05225551257253385,0.5392,0.178625733
2030-09-08 14:00:00,0.0468,0.05909439071566731,0.4237,0.1785981
2030-09-08 15:00:00,0.0544,0.06465512572533849,0.2733,0.178570468
2030-09-08 16:00:00,0.06869999999999998,0.07136731141199226,0.1102,0.178542836
2030-09-08 17:00:00,0.08129999999999998,0.08035029013539652,0.006,0.178515203
2030-09-08 18:00:00,0.0548,0.07072688588007738,0.0,0.178487571
2030-09-08 19:00:00,0.0285,0.05615705996131527,0.0,0.17845993899999998
2030-09-08 20:00:00,0.014500000000000002,0.04611353965183753,0.0,0.178432306
2030-09-08 21:00:00,0.0128,0.0426321083172147,0.0,0.17840467399999999
2030-09-08 22:00:00,0.013999999999999999,0.04246711798839458,0.0,0.17837704100000001
2030-09-08 23:00:00,0.0142,0.04366924564796905,0.0,0.178349409
2030-09-09 00:00:00,0.0151,0.048770599613152804,0.0,0.178321777
2030-09-09 01:00:00,0.0165,0.05645512572533849,0.0,0.178200547
2030-09-09 02:00:00,0.0174,0.06318491295938104,0.0,0.17807931800000001
2030-09-09 03:00:00,0.017599999999999998,0.06346479690522244,0.0,0.17795808899999999
2030-09-09 04:00:00,0.0203,0.05852688588007738,0.0002,0.17783686
2030-09-09 05:00:00,0.0217,0.04582978723404255,0.0534,0.177715631
2030-09-09 06:00:00,0.0079,0.037769632495164414,0.1955,0.177594401
2030-09-09 07:00:00,0.004200000000000001,0.03508355899419729,0.3521,0.17747317199999998
2030-09-09 08:00:00,0.005400000000000001,0.03285261121856867,0.4836,0.177351943
2030-09-09 09:00:00,0.0053,0.02915744680851064,0.5754,0.17723071399999998
2030-09-09 10:00:00,0.005599999999999999,0.03661489361702128,0.6195,0.177109485
2030-09-09 11:00:00,0.0059,0.050330367504835584,0.6168,0.176988255
2030-09-09 12:00:00,0.0082,0.06436479690522243,0.5672,0.176867026
2030-09-09 13:00:00,0.013999999999999999,0.08106092843326886,0.4772,0.17674579699999998
2030-09-09 14:00:00,0.0262,0.08194816247582205,0.3542,0.176624568
2030-09-09 15:00:00,0.0357,0.07960580270793036,0.2096,0.17650333899999998
2030-09-09 16:00:00,0.046,0.08712591876208899,0.0722,0.17638210899999998
2030-09-09 17:00:00,0.0403,0.10354932301740813,0.0027,0.17626088
2030-09-09 18:00:00,0.0281,0.09984777562862669,0.0,0.176139651
2030-09-09 19:00:00,0.0279,0.08820967117988394,0.0,0.17601842199999998
2030-09-09 20:00:00,0.0355,0.07759013539651836,0.0,0.175897193
2030-09-09 21:00:00,0.0445,0.06344661508704062,0.0,0.175775963
2030-09-09 22:00:00,0.0549,0.050635589941972925,0.0,0.17565473399999998
2030-09-09 23:00:00,0.0649,0.040935589941972925,0.0,0.175533505
2030-09-10 00:00:00,0.0735,0.03613442940038685,0.0,0.175412276
2030-09-10 01:00:00,0.0784,0.03683907156673114,0.0,0.17522406100000001
2030-09-10 02:00:00,0.0781,0.0417375241779497,0.0,0.175035845
2030-09-10 03:00:00,0.0791,0.04656557059961316,0.0,0.17484763
2030-09-10 04:00:00,0.07849999999999999,0.05119729206963249,0.0,0.174659415
2030-09-10 05:00:00,0.055,0.05044139264990329,0.0377,0.174471199
2030-09-10 06:00:00,0.0237,0.03502417794970986,0.1593,0.17428298399999997
2030-09-10 07:00:00,0.0069,0.02135493230174081,0.3033,0.17409476899999998
2030-09-10 08:00:00,0.006,0.02345396518375242,0.4283,0.17390655300000002
2030-09-10 09:00:00,0.010800000000000002,0.04030154738878143,0.5262,0.173718338
2030-09-10 10:00:00,0.0171,0.06948646034816248,0.5765,0.173530123
2030-09-10 11:00:00,0.0249,0.10363094777562863,0.5833,0.173341907
2030-09-10 12:00:00,0.0315,0.13103636363636365,0.5437,0.173153692
2030-09-10 13:00:00,0.036,0.1471303675048356,0.4627,0.172965477
2030-09-10 14:00:00,0.033600000000000005,0.15059980657640232,0.35,0.17277726100000002
2030-09-10 15:00:00,0.03230000000000001,0.15148123791102516,0.2133,0.17258904600000002
2030-09-10 16:00:00,0.0348,0.14469651837524178,0.0817,0.172400831
2030-09-10 17:00:00,0.037,0.13967311411992261,0.0037,0.172212615
2030-09-10 18:00:00,0.027,0.12552882011605415,0.0,0.1720244
2030-09-10 19:00:00,0.017900000000000003,0.10195628626692456,0.0,0.171836185
2030-09-10 20:00:00,0.0151,0.07827485493230175,0.0,0.17164796899999998
2030-09-10 21:00:00,0.0166,0.06689129593810444,0.0,0.171459754
2030-09-10 22:00:00,0.0166,0.06520135396518376,0.0,0.17127153899999997
2030-09-10 23:00:00,0.017,0.06611953578336557,0.0,0.17108332399999998
2030-09-11 00:00:00,0.017,0.07064100580270793,0.0,0.17089510800000002
2030-09-11 01:00:00,0.0166,0.07085880077369439,0.0,0.17067411300000002
2030-09-11 02:00:00,0.015300000000000001,0.06399632495164409,0.0,0.170453117
2030-09-11 03:00:00,0.0128,0.05815764023210832,0.0,0.17023212100000001
2030-09-11 04:00:00,0.0114,0.052593810444874274,0.0001,0.170011126
2030-09-11 05:00:00,0.0089,0.05608704061895551,0.0433,0.16979013
2030-09-11 06:00:00,0.0,0.034018181818181815,0.1728,0.169569135
2030-09-11 07:00:00,0.0001,0.013916441005802707,0.3137,0.16934813899999998
2030-09-11 08:00:00,0.0,0.005222630560928434,0.4253,0.169127143
2030-09-11 09:00:00,0.0001,0.0035094777562862667,0.5057,0.168906148
2030-09-11 10:00:00,0.0006,0.022141779497098644,0.5385,0.168685152
2030-09-11 11:00:00,0.0027999999999999995,0.05397930367504835,0.5386,0.168464157
2030-09-11 12:00:00,0.0074,0.08299671179883947,0.4936,0.168243161
2030-09-11 13:00:00,0.0133,0.09461141199226306,0.4138,0.168022165
2030-09-11 14:00:00,0.0146,0.11550174081237911,0.3092,0.16780117
2030-09-11 15:00:00,0.018,0.151152417794971,0.1919,0.167580174
2030-09-11 16:00:00,0.026099999999999998,0.17099419729206963,0.0718,0.167359179
2030-09-11 17:00:00,0.029399999999999996,0.16307949709864605,0.0025,0.167138183
2030-09-11 18:00:00,0.0244,0.12449806576402321,0.0,0.166917187
2030-09-11 19:00:00,0.0269,0.0928899419729207,0.0,0.166696192
2030-09-11 20:00:00,0.0445,0.08430193423597679,0.0,0.166475196
2030-09-11 21:00:00,0.0681,0.09914758220502902,0.0,0.166254201
2030-09-11 22:00:00,0.09,0.11830135396518375,0.0,0.166033205
2030-09-11 23:00:00,0.1056,0.131115667311412,0.0,0.16581220900000002
2030-09-12 00:00:00,0.1165,0.13457852998065764,0.0,0.16559121400000001
2030-09-12 01:00:00,0.1334,0.13275396518375243,0.0,0.165375263
2030-09-12 02:00:00,0.1545,0.12839883945841393,0.0,0.165159313
2030-09-12 03:00:00,0.16290000000000002,0.12992069632495162,0.0,0.16494336199999998
2030-09-12 04:00:00,0.16369999999999998,0.13404371373307544,0.0,0.164727411
2030-09-12 05:00:00,0.1383,0.12739013539651836,0.0359,0.164511461
2030-09-12 06:00:00,0.11419999999999998,0.08160038684719537,0.1489,0.16429551
2030-09-12 07:00:00,0.1077,0.05740019342359767,0.2767,0.164079559
2030-09-12 08:00:00,0.1165,0.03609690522243714,0.3836,0.163863609
2030-09-12 09:00:00,0.13639999999999997,0.03319477756286267,0.4534,0.163647658
2030-09-12 10:00:00,0.1656,0.03946131528046421,0.4749,0.16343170699999998
2030-09-12 11:00:00,0.202,0.07682688588007737,0.4599,0.163215757
2030-09-12 12:00:00,0.2378,0.11007253384912957,0.4097,0.162999806
2030-09-12 13:00:00,0.2673,0.14388201160541586,0.3339,0.162783855
2030-09-12 14:00:00,0.2937,0.18024700193423598,0.2475,0.162567905
2030-09-12 15:00:00,0.2846,0.20698471953578335,0.1471,0.162351954
2030-09-12 16:00:00,0.2399,0.21614216634429398,0.0499,0.162136004
2030-09-12 17:00:00,0.2016,0.20859787234042554,0.0015,0.161920053
2030-09-12 18:00:00,0.1908,0.1697034816247582,0.0,0.161704102
2030-09-12 19:00:00,0.19769999999999996,0.13801121856866538,0.0,0.161488152
2030-09-12 20:00:00,0.2021,0.13163307543520308,0.0,0.161272201
2030-09-12 21:00:00,0.2193,0.15512630560928434,0.0,0.16105625
2030-09-12 22:00:00,0.2411,0.15754197292069633,0.0,0.1608403
2030-09-12 23:00:00,0.259,0.13451218568665377,0.0,0.160624349
2030-09-13 00:00:00,0.2781,0.1248769825918762,0.0,0.160408398
2030-09-13 01:00:00,0.3077,0.14338394584139266,0.0,0.160513305
2030-09-13 02:00:00,0.3224,0.18908994197292067,0.0,0.16061821099999998
2030-09-13 03:00:00,0.3101,0.23422166344294004,0.0,0.160723117
2030-09-13 04:00:00,0.3141,0.2621588007736944,0.0,0.160828024
2030-09-13 05:00:00,0.3456000000000001,0.27308858800773694,0.0262,0.16093293
2030-09-13 06:00:00,0.3838,0.28657678916827856,0.125,0.161037837
2030-09-13 07:00:00,0.40129999999999993,0.3170243713733076,0.2539,0.161142743
2030-09-13 08:00:00,0.39319999999999994,0.3524506769825918,0.3643,0.161247649
2030-09-13 09:00:00,0.3077,0.3741586073500967,0.4472,0.161352556
2030-09-13 10:00:00,0.29,0.3968657640232108,0.4899,0.161457462
2030-09-13 11:00:00,0.31810000000000005,0.4504487427466151,0.4939,0.161562369
2030-09-13 12:00:00,0.2945,0.5105230174081238,0.4551,0.161667275
2030-09-13 13:00:00,0.2245,0.5610413926499033,0.3774,0.161772181
2030-09-13 14:00:00,0.1467,0.5956384912959382,0.2757,0.161877088
2030-09-13 15:00:00,0.0939,0.6227352030947776,0.1709,0.161981994
2030-09-13 16:00:00,0.062199999999999984,0.6236752417794971,0.0706,0.16208689999999998
2030-09-13 17:00:00,0.04950000000000001,0.6087591876208898,0.0041,0.162191807
2030-09-13 18:00:00,0.034,0.6015547388781431,0.0,0.162296713
2030-09-13 19:00:00,0.0242,0.5504520309477756,0.0,0.16240162
2030-09-13 20:00:00,0.0355,0.5381744680851064,0.0,0.16250652599999998
2030-09-13 21:00:00,0.05170000000000001,0.5547580270793037,0.0,0.162611432
2030-09-13 22:00:00,0.061200000000000004,0.5632510638297872,0.0,0.16271633900000002
2030-09-13 23:00:00,0.0651,0.5629769825918762,0.0,0.162821245
2030-09-14 00:00:00,0.0547,0.5485611218568666,0.0,0.162926151
2030-09-14 01:00:00,0.0232,0.5402756286266925,0.0,0.163246668
2030-09-14 02:00:00,0.0172,0.5341106382978723,0.0,0.163567184
2030-09-14 03:00:00,0.021299999999999996,0.5268023210831722,0.0,0.163887701
2030-09-14 04:00:00,0.0256,0.5433098646034816,0.0,0.164208217
2030-09-14 05:00:00,0.0339,0.535188007736944,0.03,0.164528734
2030-09-14 06:00:00,0.034,0.5563574468085106,0.1453,0.16484925
2030-09-14 07:00:00,0.033,0.5929123791102514,0.2765,0.165169767
2030-09-14 08:00:00,0.0454,0.6223810444874274,0.3747,0.16549028300000002
2030-09-14 09:00:00,0.0413,0.648162088974855,0.4433,0.1658108
2030-09-14 10:00:00,0.055999999999999994,0.6753560928433268,0.4841,0.166131316
2030-09-14 11:00:00,0.06460000000000002,0.6898588007736943,0.4873,0.16645183300000002
2030-09-14 12:00:00,0.0679,0.7033789168278529,0.465,0.16677234900000001
2030-09-14 13:00:00,0.0937,0.7115692456479691,0.4029,0.167092866
2030-09-14 14:00:00,0.0923,0.6854769825918762,0.305,0.167413382
2030-09-14 15:00:00,0.0701,0.6342822050290136,0.1934,0.167733899
2030-09-14 16:00:00,0.0385,0.5913100580270793,0.0819,0.168054415
2030-09-14 17:00:00,0.0164,0.584168665377176,0.0041,0.168374932
2030-09-14 18:00:00,0.0177,0.5879510638297872,0.0,0.168695448
2030-09-14 19:00:00,0.0164,0.5634941972920696,0.0,0.169015965
2030-09-14 20:00:00,0.0079,0.5170336557059961,0.0,0.169336481
2030-09-14 21:00:00,0.0167,0.47731837524177956,0.0,0.169656997
2030-09-14 22:00:00,0.0337,0.42499767891682794,0.0,0.169977514
2030-09-14 23:00:00,0.05739999999999999,0.37294061895551256,0.0,0.17029803
2030-09-15 00:00:00,0.0843,0.33799535783365575,0.0,0.17061854699999998
2030-09-15 01:00:00,0.09719999999999998,0.3152135396518375,0.0,0.17074869399999998
2030-09-15 02:00:00,0.0912,0.3049073500967118,0.0,0.170878841
2030-09-15 03:00:00,0.07039999999999999,0.297568085106383,0.0,0.171008988
2030-09-15 04:00:00,0.0453,0.2903827852998066,0.0,0.171139135
2030-09-15 05:00:00,0.0269,0.2693230174081238,0.0354,0.171269282
2030-09-15 06:00:00,0.0115,0.26312707930367507,0.1725,0.171399429
2030-09-15 07:00:00,0.0134,0.2938823984526112,0.3325,0.17152957600000002
2030-09-15 08:00:00,0.030300000000000004,0.3189634429400386,0.4626,0.17165972300000001
2030-09-15 09:00:00,0.045,0.3124315280464216,0.56,0.17178986899999998
2030-09-15 10:00:00,0.0644,0.3014462282398453,0.6111,0.171920016
2030-09-15 11:00:00,0.0977,0.30091992263056094,0.6172,0.172050163
2030-09-15 12:00:00,0.1407,0.3089359767891683,0.5848,0.17218031
2030-09-15 13:00:00,0.1882,0.3172860735009671,0.51,0.172310457
2030-09-15 14:00:00,0.22980000000000003,0.3213746615087041,0.3983,0.172440604
2030-09-15 15:00:00,0.2758,0.31339497098646035,0.2542,0.17257075100000002
2030-09-15 16:00:00,0.2808,0.29497833655705996,0.0982,0.17270089800000002
2030-09-15 17:00:00,0.23750000000000002,0.29150212765957445,0.0028,0.172831045
2030-09-15 18:00:00,0.19549999999999998,0.28318955512572536,0.0,0.17296119199999999
2030-09-15 19:00:00,0.1864,0.2659644100580271,0.0,0.17309133899999998
2030-09-15 20:00:00,0.1938,0.26194332688588007,0.0,0.173221486
2030-09-15 21:00:00,0.2082,0.27113191489361704,0.0,0.173351633
2030-09-15 22:00:00,0.2225,0.27527311411992267,0.0,0.17348178
2030-09-15 23:00:00,0.2354,0.2704920696324951,0.0,0.173611927
2030-09-16 00:00:00,0.2646,0.2590263056092843,0.0,0.173742074
2030-09-16 01:00:00,0.2632,0.2406655705996131,0.0,0.173729228
2030-09-16 02:00:00,0.2437,0.2238081237911025,0.0,0.173716382
2030-09-16 03:00:00,0.2086,0.20272533849129593,0.0,0.17370353600000002
2030-09-16 04:00:00,0.1616,0.18553268858800775,0.0,0.17369069
2030-09-16 05:00:00,0.1265,0.16694255319148935,0.04,0.173677844
2030-09-16 06:00:00,0.1573,0.15517446808510638,0.1914,0.17366499800000001
2030-09-16 07:00:00,0.2081,0.14962301740812378,0.3582,0.173652152
2030-09-16 08:00:00,0.1863,0.1329852998065764,0.4928,0.17363930600000002
2030-09-16 09:00:00,0.1683,0.1149605415860735,0.5844,0.17362646
2030-09-16 10:00:00,0.16149999999999998,0.10828143133462283,0.6317,0.17361361399999997
2030-09-16 11:00:00,0.1642,0.11622340425531914,0.6366,0.17360076800000002
2030-09-16 12:00:00,0.1694,0.133784332688588,0.5957,0.173587922
2030-09-16 13:00:00,0.1785,0.1563193423597679,0.5195,0.17357507600000002
2030-09-16 14:00:00,0.1896,0.1749342359767892,0.3956,0.17356223
2030-09-16 15:00:00,0.1914,0.19271257253384916,0.2509,0.17354938399999997
2030-09-16 16:00:00,0.1798,0.21017775628626695,0.0949,0.17353653800000002
2030-09-16 17:00:00,0.1605,0.20890077369439072,0.0023,0.17352369199999998
2030-09-16 18:00:00,0.1294,0.20114158607350097,0.0,0.17351084600000002
2030-09-16 19:00:00,0.0799,0.21075512572533847,0.0,0.173498
2030-09-16 20:00:00,0.05450000000000001,0.2222982591876209,0.0,0.17348515399999997
2030-09-16 21:00:00,0.0445,0.21926595744680855,0.0,0.17347230800000002
2030-09-16 22:00:00,0.0428,0.19605899419729206,0.0,0.17345946199999998
2030-09-16 23:00:00,0.04,0.17780676982591875,0.0,0.17344661600000003
2030-09-17 00:00:00,0.0366,0.16379941972920695,0.0,0.17343377
2030-09-17 01:00:00,0.0325,0.1537092843326886,0.0,0.17333759899999998
2030-09-17 02:00:00,0.027800000000000002,0.14222398452611218,0.0,0.173241428
2030-09-17 03:00:00,0.024800000000000003,0.13038568665377176,0.0,0.173145257
2030-09-17 04:00:00,0.022,0.11861682785299807,0.0,0.173049087
2030-09-17 05:00:00,0.0182,0.1025036750483559,0.0361,0.172952916
2030-09-17 06:00:00,0.013900000000000001,0.07468820116054159,0.172,0.172856745
2030-09-17 07:00:00,0.021600000000000005,0.06309883945841394,0.3286,0.17276057399999997
2030-09-17 08:00:00,0.0275,0.07071528046421663,0.4593,0.172664403
2030-09-17 09:00:00,0.0267,0.08345009671179884,0.5463,0.17256823300000002
2030-09-17 10:00:00,0.0269,0.09845183752417795,0.5938,0.17247206199999998
2030-09-17 11:00:00,0.030900000000000004,0.11435106382978724,0.5978,0.172375891
2030-09-17 12:00:00,0.0393,0.13642882011605417,0.5593,0.17227972
2030-09-17 13:00:00,0.0478,0.15909709864603483,0.4798,0.17218355
2030-09-17 14:00:00,0.0516,0.17368027079303675,0.3646,0.17208737899999998
2030-09-17 15:00:00,0.0586,0.18741411992263057,0.2173,0.171991208
2030-09-17 16:00:00,0.0679,0.2150725338491296,0.0672,0.171895037
2030-09-17 17:00:00,0.0638,0.25155067698259187,0.0007,0.17179886600000002
2030-09-17 18:00:00,0.0342,0.23244545454545454,0.0,0.17170269600000002
2030-09-17 19:00:00,0.0102,0.20019226305609283,0.0,0.171606525
2030-09-17 20:00:00,0.0009,0.1761562862669246,0.0,0.17151035399999998
2030-09-17 21:00:00,0.0009,0.15494332688588006,0.0,0.171414183
2030-09-17 22:00:00,0.004399999999999999,0.13358839458413926,0.0,0.17131801300000002
2030-09-17 23:00:00,0.008799999999999999,0.10561586073500967,0.0,0.17122184199999999
2030-09-18 00:00:00,0.0116,0.0953036750483559,0.0,0.171125671
2030-09-18 01:00:00,0.0146,0.09395029013539652,0.0,0.170968818
2030-09-18 02:00:00,0.0226,0.08885822050290136,0.0,0.170811966
2030-09-18 03:00:00,0.0322,0.09006595744680852,0.0,0.170655113
2030-09-18 04:00:00,0.037200000000000004,0.09380986460348162,0.0,0.17049826
2030-09-18 05:00:00,0.0417,0.0891321083172147,0.0293,0.170341407
2030-09-18 06:00:00,0.0332,0.058520889748549326,0.1593,0.170184555
2030-09-18 07:00:00,0.030300000000000004,0.03252321083172147,0.3167,0.170027702
2030-09-18 08:00:00,0.0355,0.02494139264990329,0.4532,0.169870849
2030-09-18 09:00:00,0.0399,0.02916769825918762,0.5447,0.169713997
2030-09-18 10:00:00,0.0408,0.03817949709864603,0.5913,0.169557144
2030-09-18 11:00:00,0.0447,0.05337272727272728,0.5968,0.169400291
2030-09-18 12:00:00,0.0499,0.07186595744680851,0.5555,0.169243439
2030-09-18 13:00:00,0.0544,0.08783617021276595,0.47,0.169086586
2030-09-18 14:00:00,0.0536,0.09856363636363637,0.3438,0.168929733
2030-09-18 15:00:00,0.0524,0.10630676982591877,0.1943,0.16877288
2030-09-18 16:00:00,0.0516,0.1137183752417795,0.0568,0.168616028
2030-09-18 17:00:00,0.0489,0.12052437137330756,0.0002,0.168459175
2030-09-18 18:00:00,0.0346,0.10544564796905223,0.0,0.168302322
2030-09-18 19:00:00,0.0282,0.08785860735009672,0.0,0.16814547
2030-09-18 20:00:00,0.0375,0.07345880077369439,0.0,0.16798861699999998
2030-09-18 21:00:00,0.066,0.06186924564796905,0.0,0.167831764
2030-09-18 22:00:00,0.0828,0.04684912959381044,0.0,0.16767491199999998
2030-09-18 23:00:00,0.093,0.03269651837524178,0.0,0.167518059
2030-09-19 00:00:00,0.1008,0.02258800773694391,0.0,0.16736120599999998
2030-09-19 01:00:00,0.1087,0.01823346228239845,0.0,0.167183421
2030-09-19 02:00:00,0.1054,0.019308123791102513,0.0,0.16700563599999999
2030-09-19 03:00:00,0.0993,0.022925918762088975,0.0,0.166827852
2030-09-19 04:00:00,0.0965,0.026911605415860733,0.0,0.16665006699999999
2030-09-19 05:00:00,0.0839,0.03275628626692456,0.0187,0.166472282
2030-09-19 06:00:00,0.066,0.038356866537717596,0.0999,0.16629449699999999
2030-09-19 07:00:00,0.0663,0.05210309477756286,0.1931,0.166116712
2030-09-19 08:00:00,0.069,0.061073694390715666,0.287,0.16593892699999999
2030-09-19 09:00:00,0.073,0.0581889748549323,0.3626,0.165761142
2030-09-19 10:00:00,0.0723,0.05736905222437137,0.4113,0.165583357
2030-09-19 11:00:00,0.0696,0.051671760154738886,0.4247,0.165405573
2030-09-19 12:00:00,0.07039999999999999,0.04617504835589942,0.4008,0.16522778800000001
2030-09-19 13:00:00,0.0714,0.048368085106382984,0.3467,0.165050003
2030-09-19 14:00:00,0.0747,0.0568705996131528,0.2654,0.16487221800000001
2030-09-19 15:00:00,0.0838,0.06142978723404255,0.1636,0.164694433
2030-09-19 16:00:00,0.076,0.06703326885880077,0.0573,0.16451664800000002
2030-09-19 17:00:00,0.0771,0.07598336557059962,0.0011,0.164338863
2030-09-19 18:00:00,0.1004,0.07328027079303674,0.0,0.16416107800000002
2030-09-19 19:00:00,0.12299999999999998,0.07641876208897486,0.0,0.163983294
2030-09-19 20:00:00,0.1431,0.10724874274661508,0.0,0.16380550900000002
2030-09-19 21:00:00,0.1549,0.1802810444874275,0.0,0.163627724
2030-09-19 22:00:00,0.1709,0.2278514506769826,0.0,0.16344993900000002
2030-09-19 23:00:00,0.1934,0.2368909090909091,0.0,0.163272154
2030-09-20 00:00:00,0.21,0.21679381044487425,0.0,0.16309436900000002
2030-09-20 01:00:00,0.22,0.18961353965183753,0.0,0.162992781
2030-09-20 02:00:00,0.2203,0.16926015473887812,0.0,0.16289119300000002
2030-09-20 03:00:00,0.2366,0.16837949709864602,0.0,0.162789605
2030-09-20 04:00:00,0.2269,0.17800270793036752,0.0,0.162688017
2030-09-20 05:00:00,0.1669,0.17364526112185688,0.0299,0.162586429
2030-09-20 06:00:00,0.1347,0.16407949709864603,0.1748,0.162484841
2030-09-20 07:00:00,0.3582,0.17661334622823985,0.3481,0.162383253
2030-09-20 08:00:00,0.4792,0.1915369439071567,0.4933,0.162281665
2030-09-20 09:00:00,0.4569,0.2180833655705996,0.592,0.162180078
2030-09-20 10:00:00,0.4254,0.2503733075435203,0.6476,0.16207849
2030-09-20 11:00:00,0.4223,0.2618868471953578,0.6597,0.161976902
2030-09-20 12:00:00,0.4626,0.2695841392649903,0.628,0.161875314
2030-09-20 13:00:00,0.5016,0.2836506769825919,0.5544,0.161773726
2030-09-20 14:00:00,0.5136,0.2866816247582205,0.4344,0.16167213800000002
2030-09-20 15:00:00,0.4813,0.28299961315280464,0.2765,0.16157055
2030-09-20 16:00:00,0.4043999999999999,0.26792398452611216,0.1033,0.161468962
2030-09-20 17:00:00,0.3279,0.2957278529980658,0.0011,0.161367374
2030-09-20 18:00:00,0.2965,0.32915686653771753,0.0,0.161265786
2030-09-20 19:00:00,0.2647,0.32441972920696327,0.0,0.161164198
2030-09-20 20:00:00,0.2108,0.3053806576402321,0.0,0.16106261
2030-09-20 21:00:00,0.1837,0.3101413926499033,0.0,0.16096102199999998
2030-09-20 22:00:00,0.1712,0.29989845261121856,0.0,0.160859434
2030-09-20 23:00:00,0.1422,0.2859406189555126,0.0,0.160757846
2030-09-21 00:00:00,0.13330000000000003,0.28183210831721467,0.0,0.160656258
2030-09-21 01:00:00,0.1339,0.27095241779497103,0.0,0.160572308
2030-09-21 02:00:00,0.1302,0.2566311411992263,0.0,0.160488357
2030-09-21 03:00:00,0.1174,0.24468220502901356,0.0,0.160404407
2030-09-21 04:00:00,0.0962,0.2328402321083172,0.0,0.160320456
2030-09-21 05:00:00,0.0707,0.21213539651837524,0.033,0.160236506
2030-09-21 06:00:00,0.0778,0.19124816247582205,0.1754,0.160152555
2030-09-21 07:00:00,0.0664,0.1775568665377176,0.3496,0.160068605
2030-09-21 08:00:00,0.044,0.1532083172147002,0.4986,0.159984654
2030-09-21 09:00:00,0.0321,0.14049883945841393,0.5967,0.159900704
2030-09-21 10:00:00,0.0319,0.13760986460348165,0.6502,0.159816754
2030-09-21 11:00:00,0.039,0.13919651837524177,0.6579,0.159732803
2030-09-21 12:00:00,0.0487,0.1335,0.6211,0.159648853
2030-09-21 13:00:00,0.0527,0.1300201160541586,0.5383,0.15956490199999998
2030-09-21 14:00:00,0.0523,0.11816344294003868,0.4135,0.15948095199999998
2030-09-21 15:00:00,0.0467,0.11305918762088976,0.2539,0.15939700099999998
2030-09-21 16:00:00,0.04710000000000001,0.1370504835589942,0.0837,0.15931305099999998
2030-09-21 17:00:00,0.04290000000000001,0.15531972920696324,0.0006,0.1592291
2030-09-21 18:00:00,0.0194,0.13512495164410057,0.0,0.15914515
2030-09-21 19:00:00,0.0087,0.10358317214700193,0.0,0.1590612
2030-09-21 20:00:00,0.0109,0.07837504835589941,0.0,0.15897724900000001
2030-09-21 21:00:00,0.0148,0.059466731141199235,0.0,0.15889329900000002
2030-09-21 22:00:00,0.0222,0.044300193423597686,0.0,0.15880934800000002
2030-09-21 23:00:00,0.031200000000000002,0.03719883945841393,0.0,0.15872539800000002
2030-09-22 00:00:00,0.04320000000000001,0.037242940038684724,0.0,0.158641447
2030-09-22 01:00:00,0.0567,0.042027466150870406,0.0,0.158526356
2030-09-22 02:00:00,0.069,0.05016557059961315,0.0,0.158411265
2030-09-22 03:00:00,0.08239999999999999,0.05951972920696325,0.0,0.158296173
2030-09-22 04:00:00,0.1046,0.0693833655705996,0.0,0.158181082
2030-09-22 05:00:00,0.12,0.08145570599613153,0.0281,0.158065991
2030-09-22 06:00:00,0.0857,0.07229555125725338,0.163,0.157950899
2030-09-22 07:00:00,0.0749,0.07707504835589941,0.3269,0.157835808
2030-09-22 08:00:00,0.0818,0.08030986460348162,0.4676,0.15772071699999998
2030-09-22 09:00:00,0.0951,0.06860502901353964,0.5638,0.157605626
2030-09-22 10:00:00,0.10730000000000002,0.05640116054158607,0.6147,0.15749053400000002
2030-09-22 11:00:00,0.12340000000000002,0.0474284332688588,0.619,0.157375443
2030-09-22 12:00:00,0.1414,0.04161934235976789,0.5817,0.157260352
2030-09-22 13:00:00,0.14409999999999998,0.03911895551257253,0.5029,0.15714526
2030-09-22 14:00:00,0.1313,0.04016750483558994,0.3841,0.157030169
2030-09-22 15:00:00,0.1139,0.044990522243713735,0.2294,0.156915078
2030-09-22 16:00:00,0.1049,0.0656311411992263,0.0722,0.156799986
2030-09-22 17:00:00,0.1093,0.0793980657640232,0.0005,0.156684895
2030-09-22 18:00:00,0.1054,0.06640386847195358,0.0,0.156569804
2030-09-22 19:00:00,0.1085,0.053463056092843325,0.0,0.156454712
2030-09-22 20:00:00,0.1122,0.04368936170212766,0.0,0.15633962099999998
2030-09-22 21:00:00,0.1166,0.03789883945841393,0.0,0.15622453
2030-09-22 22:00:00,0.1202,0.03580947775628627,0.0,0.15610943800000002
2030-09-22 23:00:00,0.11880000000000002,0.03478510638297872,0.0,0.155994347
2030-09-23 00:00:00,0.1139,0.03595009671179884,0.0,0.155879256
2030-09-23 01:00:00,0.1099,0.03883326885880077,0.0,0.155737863
2030-09-23 02:00:00,0.1071,0.04239381044487428,0.0,0.15559647
2030-09-23 03:00:00,0.1014,0.041867117988394584,0.0,0.155455076
2030-09-23 04:00:00,0.0945,0.04054371373307543,0.0,0.155313683
2030-09-23 05:00:00,0.0878,0.03996344294003869,0.0198,0.15517229
2030-09-23 06:00:00,0.0557,0.040298259187620894,0.1376,0.155030897
2030-09-23 07:00:00,0.04,0.05159361702127659,0.2821,0.154889504
2030-09-23 08:00:00,0.051,0.06411953578336557,0.4006,0.154748111
2030-09-23 09:00:00,0.08409999999999998,0.07545822050290135,0.4939,0.154606717
2030-09-23 10:00:00,0.1219,0.08028452611218569,0.5474,0.15446532400000001
2030-09-23 11:00:00,0.1575,0.07908201160541586,0.5583,0.154323931
2030-09-23 12:00:00,0.1935,0.07713017408123791,0.5223,0.154182538
2030-09-23 13:00:00,0.2236,0.07367969052224371,0.4455,0.154041145
2030-09-23 14:00:00,0.2282,0.0722642166344294,0.3257,0.153899752
2030-09-23 15:00:00,0.20350000000000001,0.07744023210831721,0.1815,0.153758359
2030-09-23 16:00:00,0.1809,0.09212978723404255,0.0491,0.153616965
2030-09-23 17:00:00,0.1712,0.10886827852998066,0.0001,0.153475572
2030-09-23 18:00:00,0.15550000000000003,0.10671740812379112,0.0,0.15333417900000001
2030-09-23 19:00:00,0.16369999999999998,0.09818181818181819,0.0,0.153192786
2030-09-23 20:00:00,0.1905,0.09116092843326885,0.0,0.153051393
2030-09-23 21:00:00,0.2249,0.0849247582205029,0.0,0.15291
2030-09-23 22:00:00,0.2575,0.08169400386847195,0.0,0.152768607
2030-09-23 23:00:00,0.28379999999999994,0.07972030947775627,0.0,0.152627213
2030-09-24 00:00:00,0.301,0.07521624758220503,0.0,0.15248582
2030-09-24 01:00:00,0.3143,0.07191353965183753,0.0,0.152330045
2030-09-24 02:00:00,0.3307,0.0683531914893617,0.0,0.152174269
2030-09-24 03:00:00,0.345,0.06286479690522244,0.0,0.152018493
2030-09-24 04:00:00,0.3614,0.06034061895551257,0.0,0.151862718
2030-09-24 05:00:00,0.3586,0.06382185686653771,0.0178,0.15170694199999998
2030-09-24 06:00:00,0.2811,0.06342727272727272,0.1172,0.151551167
2030-09-24 07:00:00,0.3566,0.08870386847195356,0.2414,0.151395391
2030-09-24 08:00:00,0.3798,0.11224700193423597,0.3478,0.151239615
2030-09-24 09:00:00,0.40040000000000003,0.12946131528046423,0.4216,0.15108384
2030-09-24 10:00:00,0.4208,0.1477458413926499,0.4624,0.150928064
2030-09-24 11:00:00,0.44260000000000005,0.15915551257253382,0.4754,0.150772289
2030-09-24 12:00:00,0.4298,0.17282630560928436,0.4405,0.150616513
2030-09-24 13:00:00,0.3808,0.1944218568665377,0.3809,0.15046073699999998
2030-09-24 14:00:00,0.3570999999999999,0.21411083172147002,0.2926,0.150304962
2030-09-24 15:00:00,0.3599,0.22416518375241778,0.1715,0.150149186
2030-09-24 16:00:00,0.3297,0.22056847195357834,0.0535,0.149993411
2030-09-24 17:00:00,0.3365,0.21940502901353964,0.0003,0.149837635
2030-09-24 18:00:00,0.36,0.21788471953578337,0.0,0.149681859
2030-09-24 19:00:00,0.3498,0.2320088974854932,0.0,0.149526084
2030-09-24 20:00:00,0.3665,0.25582127659574466,0.0,0.149370308
2030-09-24 21:00:00,0.3865,0.2671725338491296,0.0,0.149214533
2030-09-24 22:00:00,0.388,0.27176905222437137,0.0,0.149058757
2030-09-24 23:00:00,0.3635,0.2763816247582205,0.0,0.148902981
2030-09-25 00:00:00,0.3429,0.31432514506769826,0.0,0.148747206
2030-09-25 01:00:00,0.3183000000000001,0.36225454545454544,0.0,0.14863558300000002
2030-09-25 02:00:00,0.3283,0.3711996131528046,0.0,0.148523961
2030-09-25 03:00:00,0.3406,0.3911588007736944,0.0,0.148412339
2030-09-25 04:00:00,0.3102,0.35583075435203093,0.0,0.148300716
2030-09-25 05:00:00,0.2407,0.28414119922630565,0.0119,0.148189094
2030-09-25 06:00:00,0.1824,0.17807079303675047,0.1103,0.148077471
2030-09-25 07:00:00,0.1889,0.13302785299806574,0.2466,0.147965849
2030-09-25 08:00:00,0.2095,0.0999725338491296,0.3602,0.147854227
2030-09-25 09:00:00,0.24570000000000003,0.0617294003868472,0.4533,0.147742604
2030-09-25 10:00:00,0.3073000000000001,0.046722243713733076,0.5166,0.147630982
2030-09-25 11:00:00,0.4062,0.0589284332688588,0.5359,0.14751935900000002
2030-09-25 12:00:00,0.48900000000000005,0.09041141199226305,0.4923,0.14740773699999998
2030-09-25 13:00:00,0.5992999999999999,0.12339110251450676,0.3978,0.147296114
2030-09-25 14:00:00,0.6199,0.15004100580270793,0.2776,0.147184492
2030-09-25 15:00:00,0.3612000000000001,0.18016634429400386,0.1495,0.14707287
2030-09-25 16:00:00,0.2622,0.17400425531914893,0.0407,0.146961247
2030-09-25 17:00:00,0.28379999999999994,0.14852591876208895,0.0001,0.146849625
2030-09-25 18:00:00,0.3228,0.14344274661508705,0.0,0.146738002
2030-09-25 19:00:00,0.3418,0.1637723404255319,0.0,0.14662638
2030-09-25 20:00:00,0.3444,0.19448742746615086,0.0,0.146514758
2030-09-25 21:00:00,0.335,0.20676305609284332,0.0,0.146403135
2030-09-25 22:00:00,0.3187,0.2081854932301741,0.0,0.146291513
2030-09-25 23:00:00,0.3081,0.20420502901353965,0.0,0.14617989
2030-09-26 00:00:00,0.2985,0.19677930367504837,0.0,0.146068268
2030-09-26 01:00:00,0.27629999999999993,0.19086615087040618,0.0,0.14602884300000002
2030-09-26 02:00:00,0.25250000000000006,0.19619323017408125,0.0,0.145989418
2030-09-26 03:00:00,0.24,0.20471624758220502,0.0,0.145949993
2030-09-26 04:00:00,0.2282,0.2189015473887814,0.0,0.14591056800000002
2030-09-26 05:00:00,0.1992,0.2353704061895551,0.012,0.145871143
2030-09-26 06:00:00,0.1337,0.21407678916827855,0.1073,0.145831718
2030-09-26 07:00:00,0.1589,0.2722673114119923,0.2387,0.14579229300000002
2030-09-26 08:00:00,0.1835,0.33869032882011607,0.3635,0.145752868
2030-09-26 09:00:00,0.2161,0.3734261121856867,0.4489,0.145713443
2030-09-26 10:00:00,0.24879999999999994,0.39198317214700196,0.4818,0.14567401800000002
2030-09-26 11:00:00,0.2718999999999999,0.3994500967117988,0.4595,0.145634593
2030-09-26 12:00:00,0.29109999999999997,0.386783752417795,0.4153,0.145595167
2030-09-26 13:00:00,0.2883,0.3737912959381044,0.3472,0.145555742
2030-09-26 14:00:00,0.2679000000000001,0.3584887814313346,0.2541,0.145516317
2030-09-26 15:00:00,0.2093,0.3080651837524178,0.1398,0.145476892
2030-09-26 16:00:00,0.1387,0.2795143133462282,0.0349,0.145437467
2030-09-26 17:00:00,0.1002,0.30193752417794967,0.0,0.145398042
2030-09-26 18:00:00,0.09719999999999998,0.32378897485493224,0.0,0.145358617
2030-09-26 19:00:00,0.1179,0.3266833655705996,0.0,0.14531919199999999
2030-09-26 20:00:00,0.1461,0.3330787234042553,0.0,0.145279767
2030-09-26 21:00:00,0.1832,0.3470597678916828,0.0,0.145240342
2030-09-26 22:00:00,0.2255,0.3580110251450677,0.0,0.14520091699999998
2030-09-26 23:00:00,0.2659,0.36082862669245647,0.0,0.145161492
2030-09-27 00:00:00,0.3021,0.3576030947775629,0.0,0.145122067
2030-09-27 01:00:00,0.3331,0.356311411992263,0.0,0.14525444
2030-09-27 02:00:00,0.35530000000000006,0.34489303675048355,0.0,0.145386812
2030-09-27 03:00:00,0.3661,0.31789168278529983,0.0,0.145519184
2030-09-27 04:00:00,0.3831,0.29091044487427464,0.0,0.145651557
2030-09-27 05:00:00,0.3764,0.2739653771760155,0.0133,0.145783929
2030-09-27 06:00:00,0.2739,0.222689748549323,0.1207,0.145916302
2030-09-27 07:00:00,0.31399999999999995,0.2358767891682785,0.2812,0.14604867400000002
2030-09-27 08:00:00,0.32959999999999995,0.27445454545454545,0.4255,0.14618104699999998
2030-09-27 09:00:00,0.32299999999999995,0.2838100580270793,0.5286,0.146313419
2030-09-27 10:00:00,0.2826,0.2829754352030947,0.5716,0.146445791
2030-09-27 11:00:00,0.2335,0.27261934235976787,0.5574,0.146578164
2030-09-27 12:00:00,0.1905,0.2647851063829787,0.5098,0.146710536
2030-09-27 13:00:00,0.1512,0.2568382978723404,0.4304,0.146842909
2030-09-27 14:00:00,0.11710000000000001,0.23956673114119922,0.3121,0.14697528099999999
2030-09-27 15:00:00,0.0915,0.20474719535783364,0.1695,0.147107654
2030-09-27 16:00:00,0.0915,0.16025493230174082,0.0416,0.147240026
2030-09-27 17:00:00,0.0908,0.1266201160541586,0.0,0.14737239800000002
2030-09-27 18:00:00,0.0959,0.11273713733075436,0.0,0.147504771
2030-09-27 19:00:00,0.122,0.12800754352030946,0.0,0.147637143
2030-09-27 20:00:00,0.1519,0.14848491295938104,0.0,0.147769516
2030-09-27 21:00:00,0.1785,0.17148936170212764,0.0,0.147901888
2030-09-27 22:00:00,0.2029,0.19432978723404257,0.0,0.148034261
2030-09-27 23:00:00,0.2337,0.20853539651837527,0.0,0.14816663300000002
2030-09-28 00:00:00,0.2945,0.2129069632495164,0.0,0.14829900599999998
2030-09-28 01:00:00,0.33680000000000004,0.21273829787234044,0.0,0.148797085
2030-09-28 02:00:00,0.329,0.21121179883945843,0.0,0.149295165
2030-09-28 03:00:00,0.2602,0.18791624758220501,0.0,0.149793244
2030-09-28 04:00:00,0.1864,0.15435570599613152,0.0,0.150291324
2030-09-28 05:00:00,0.1447,0.13165938104448743,0.0114,0.15078940300000002
2030-09-28 06:00:00,0.1029,0.10571044487427465,0.1172,0.151287483
2030-09-28 07:00:00,0.0673,0.09004332688588008,0.2571,0.151785563
2030-09-28 08:00:00,0.1152,0.08921876208897485,0.3781,0.152283642
2030-09-28 09:00:00,0.1367,0.09513500967117987,0.469,0.15278172199999998
2030-09-28 10:00:00,0.14519999999999997,0.10323675048355899,0.5206,0.153279801
2030-09-28 11:00:00,0.145,0.10936653771760155,0.5323,0.153777881
2030-09-28 12:00:00,0.1336,0.10932688588007736,0.5052,0.154275961
2030-09-28 13:00:00,0.1114,0.1026934235976789,0.4341,0.15477404
2030-09-28 14:00:00,0.0836,0.10328820116054159,0.319,0.15527212
2030-09-28 15:00:00,0.06079999999999999,0.11709245647969052,0.176,0.155770199
2030-09-28 16:00:00,0.0384,0.14563404255319148,0.043,0.156268279
2030-09-28 17:00:00,0.0107,0.1594661508704062,0.0,0.156766359
2030-09-28 18:00:00,0.0003,0.15596131528046422,0.0,0.157264438
2030-09-28 19:00:00,0.0067,0.16115222437137333,0.0,0.15776251800000002
2030-09-28 20:00:00,0.021,0.1782671179883946,0.0,0.158260597
2030-09-28 21:00:00,0.036199999999999996,0.20173791102514504,0.0,0.158758677
2030-09-28 22:00:00,0.0526,0.22520135396518376,0.0,0.159256757
2030-09-28 23:00:00,0.0731,0.2471744680851064,0.0,0.15975483599999998
2030-09-29 00:00:00,0.0916,0.260416827852998,0.0,0.160252916
2030-09-29 01:00:00,0.097,0.2726019342359768,0.0,0.160633948
2030-09-29 02:00:00,0.0956,0.28172688588007744,0.0,0.16101498
2030-09-29 03:00:00,0.0958,0.27415203094777557,0.0,0.161396012
2030-09-29 04:00:00,0.09900000000000002,0.2633916827852998,0.0,0.161777044
2030-09-29 05:00:00,0.1076,0.26093636363636363,0.0099,0.16215807599999998
2030-09-29 06:00:00,0.1085,0.2163961315280464,0.0778,0.16253910800000002
2030-09-29 07:00:00,0.1077,0.20797214700193425,0.1625,0.16292014
2030-09-29 08:00:00,0.2204,0.2457112185686654,0.2318,0.163301172
2030-09-29 09:00:00,0.2573,0.29039013539651837,0.28,0.163682204
2030-09-29 10:00:00,0.2663,0.3110883945841392,0.3069,0.164063237
2030-09-29 11:00:00,0.2725000000000001,0.31790000000000007,0.3152,0.164444269
2030-09-29 12:00:00,0.2737,0.3254114119922631,0.3112,0.164825301
2030-09-29 13:00:00,0.23980000000000004,0.33764294003868467,0.2819,0.165206333
2030-09-29 14:00:00,0.169,0.31109303675048355,0.2151,0.165587365
2030-09-29 15:00:00,0.11699999999999999,0.2600334622823985,0.1223,0.165968397
2030-09-29 16:00:00,0.1016,0.20823655705996133,0.0282,0.166349429
2030-09-29 17:00:00,0.096,0.19699690522243715,0.0,0.166730461
2030-09-29 18:00:00,0.0996,0.18524255319148936,0.0,0.167111493
2030-09-29 19:00:00,0.1071,0.16766750483558993,0.0,0.167492525
2030-09-29 20:00:00,0.11490000000000002,0.14179613152804643,0.0,0.16787355699999998
2030-09-29 21:00:00,0.1321,0.12857698259187622,0.0,0.16825458899999998
2030-09-29 22:00:00,0.1508,0.13126924564796905,0.0,0.168635621
2030-09-29 23:00:00,0.1674,0.14041856866537716,0.0,0.169016654
2030-09-30 00:00:00,0.18170000000000003,0.15125880077369439,0.0,0.16939768600000002
2030-09-30 01:00:00,0.2012,0.15707930367504835,0.0,0.169756186
2030-09-30 02:00:00,0.2149,0.15934177949709866,0.0,0.17011468600000001
2030-09-30 03:00:00,0.1721,0.14182959381044488,0.0,0.17047318600000003
2030-09-30 04:00:00,0.114,0.12250386847195358,0.0,0.170831686
2030-09-30 05:00:00,0.075,0.11369980657640232,0.0074,0.17119018600000002
2030-09-30 06:00:00,0.047499999999999994,0.09554274661508703,0.0812,0.171548686
2030-09-30 07:00:00,0.0157,0.08716499032882011,0.1889,0.17190718600000002
2030-09-30 08:00:00,0.011199999999999998,0.09229168278529981,0.2854,0.172265686
2030-09-30 09:00:00,0.018,0.1016220502901354,0.3549,0.172624186
2030-09-30 10:00:00,0.0178,0.12225435203094778,0.3892,0.172982687
2030-09-30 11:00:00,0.0177,0.15296557059961313,0.381,0.17334118699999998
2030-09-30 12:00:00,0.0274,0.1831315280464217,0.3379,0.173699687
2030-09-30 13:00:00,0.0354,0.20664448742746616,0.2577,0.174058187
2030-09-30 14:00:00,0.0449,0.22836034816247583,0.1737,0.174416687
2030-09-30 15:00:00,0.0473,0.23811044487427468,0.0855,0.174775187
2030-09-30 16:00:00,0.0254,0.20645357833655706,0.0148,0.17513368699999998
2030-09-30 17:00:00,0.0488,0.1733230174081238,0.0,0.175492187
2030-09-30 18:00:00,0.1725,0.13832050290135398,0.0,0.175850687
2030-09-30 19:00:00,0.17039999999999997,0.120578916827853,0.0,0.176209187
2030-09-30 20:00:00,0.1117,0.13602611218568664,0.0,0.176567688
2030-09-30 21:00:00,0.0677,0.16091334622823983,0.0,0.176926188
2030-09-30 22:00:00,0.0404,0.17681083172147002,0.0,0.177284688
2030-09-30 23:00:00,0.041499999999999995,0.1901181818181818,0.0,0.177643188
2030-10-01 00:00:00,0.0656,0.19602707930367502,0.0,0.17800168800000002
2030-10-01 01:00:00,0.0809,0.19746924564796905,0.0,0.17860229800000002
2030-10-01 02:00:00,0.0742,0.19618123791102515,0.0,0.179202908
2030-10-01 03:00:00,0.0833,0.18353075435203095,0.0,0.179803518
2030-10-01 04:00:00,0.0869,0.17410715667311413,0.0,0.180404128
2030-10-01 05:00:00,0.08299999999999999,0.16585183752417793,0.0053,0.181004738
2030-10-01 06:00:00,0.06940000000000002,0.12841779497098646,0.0825,0.181605348
2030-10-01 07:00:00,0.045,0.1273551257253385,0.2023,0.182205958
2030-10-01 08:00:00,0.0558,0.12100386847195357,0.3113,0.182806568
2030-10-01 09:00:00,0.0775,0.11955396518375243,0.3964,0.183407178
2030-10-01 10:00:00,0.092,0.12622920696324952,0.4404,0.184007788
2030-10-01 11:00:00,0.1015,0.13780193423597678,0.4514,0.184608398
2030-10-01 12:00:00,0.1053,0.15457466150870408,0.422,0.185209008
2030-10-01 13:00:00,0.1119,0.17435860735009673,0.3529,0.185809618
2030-10-01 14:00:00,0.1103,0.19373152804642169,0.2544,0.186410228
2030-10-01 15:00:00,0.10340000000000002,0.21896170212765959,0.1344,0.187010838
2030-10-01 16:00:00,0.106,0.25069555125725335,0.0271,0.18761144800000001
2030-10-01 17:00:00,0.0969,0.28116692456479697,0.0,0.18821205800000002
2030-10-01 18:00:00,0.08420000000000001,0.29911798839458414,0.0,0.18881266800000002
2030-10-01 19:00:00,0.08959999999999999,0.29598684719535784,0.0,0.18941327800000002
2030-10-01 20:00:00,0.10230000000000002,0.274378916827853,0.0,0.19001388800000002
2030-10-01 21:00:00,0.11899999999999998,0.22850986460348163,0.0,0.19061449800000002
2030-10-01 22:00:00,0.1467,0.18036653771760155,0.0,0.191215108
2030-10-01 23:00:00,0.181,0.13606943907156674,0.0,0.191815718
2030-10-02 00:00:00,0.20020000000000002,0.12025686653771761,0.0,0.192416328
2030-10-02 01:00:00,0.2116,0.13006653771760154,0.0,0.19311905699999998
2030-10-02 02:00:00,0.21209999999999998,0.14464177949709864,0.0,0.19382178600000002
2030-10-02 03:00:00,0.2074,0.16906073500967117,0.0,0.19452451399999998
2030-10-02 04:00:00,0.1947,0.19407369439071565,0.0,0.195227243
2030-10-02 05:00:00,0.17400000000000002,0.20145261121856867,0.0096,0.195929971
2030-10-02 06:00:00,0.16039999999999996,0.1859295938104449,0.1188,0.19663270000000002
2030-10-02 07:00:00,0.168,0.18304893617021276,0.2808,0.19733542899999998
2030-10-02 08:00:00,0.1618,0.18243481624758218,0.4196,0.198038157
2030-10-02 09:00:00,0.1574,0.1970212765957447,0.5162,0.198740886
2030-10-02 10:00:00,0.1655,0.22627717601547384,0.5668,0.199443614
2030-10-02 11:00:00,0.1834,0.2570483558994197,0.5682,0.200146343
2030-10-02 12:00:00,0.202,0.2758974854932302,0.5244,0.200849072
2030-10-02 13:00:00,0.20549999999999996,0.2771373307543521,0.4461,0.20155179999999998
2030-10-02 14:00:00,0.18730000000000002,0.2653653771760155,0.3325,0.202254529
2030-10-02 15:00:00,0.16620000000000001,0.25607117988394584,0.1897,0.202957258
2030-10-02 16:00:00,0.14880000000000002,0.24808027079303677,0.0445,0.20365998600000002
2030-10-02 17:00:00,0.1384,0.25762050290135396,0.0,0.204362715
2030-10-02 18:00:00,0.1349,0.24721566731141198,0.0,0.20506544300000001
2030-10-02 19:00:00,0.1371,0.224147582205029,0.0,0.205768172
2030-10-02 20:00:00,0.1325,0.20803539651837524,0.0,0.206470901
2030-10-02 21:00:00,0.1318,0.1842541586073501,0.0,0.207173629
2030-10-02 22:00:00,0.1356,0.16350174081237914,0.0,0.207876358
2030-10-02 23:00:00,0.1401,0.14918433268858802,0.0,0.20857908600000002
2030-10-03 00:00:00,0.1446,0.1391237911025145,0.0,0.209281815
2030-10-03 01:00:00,0.1468,0.13380773694390716,0.0,0.20962609100000001
2030-10-03 02:00:00,0.1511,0.12781431334622825,0.0,0.209970367
2030-10-03 03:00:00,0.1513,0.12382147001934235,0.0,0.210314643
2030-10-03 04:00:00,0.1487,0.11681199226305611,0.0,0.21065891899999997
2030-10-03 05:00:00,0.1371,0.10723791102514506,0.0091,0.211003195
2030-10-03 06:00:00,0.1254,0.0882266924564797,0.1124,0.211347471
2030-10-03 07:00:00,0.1103,0.06989284332688589,0.2774,0.21169174699999999
2030-10-03 08:00:00,0.0948,0.05797543520309478,0.4236,0.21203602300000002
2030-10-03 09:00:00,0.0935,0.05819458413926498,0.523,0.212380299
2030-10-03 10:00:00,0.1006,0.07259477756286267,0.5686,0.212724575
2030-10-03 11:00:00,0.11120000000000001,0.09975087040618956,0.5727,0.213068851
2030-10-03 12:00:00,0.12230000000000003,0.12945551257253385,0.5327,0.21341312699999998
2030-10-03 13:00:00,0.13,0.15857292069632495,0.4527,0.213757403
2030-10-03 14:00:00,0.1282,0.18809361702127658,0.3369,0.21410168
2030-10-03 15:00:00,0.1155,0.21462998065764022,0.1895,0.21444595600000002
2030-10-03 16:00:00,0.09939999999999999,0.2316487427466151,0.0424,0.214790232
2030-10-03 17:00:00,0.09790000000000001,0.23866595744680852,0.0,0.215134508
2030-10-03 18:00:00,0.1088,0.21402340425531916,0.0,0.21547878399999998
2030-10-03 19:00:00,0.0995,0.17439090909090907,0.0,0.21582306
2030-10-03 20:00:00,0.1019,0.13624816247582205,0.0,0.21616733600000002
2030-10-03 21:00:00,0.1115,0.09913423597678918,0.0,0.216511612
2030-10-03 22:00:00,0.11529999999999999,0.08740077369439071,0.0,0.216855888
2030-10-03 23:00:00,0.1156,0.08974545454545454,0.0,0.21720016399999997
2030-10-04 00:00:00,0.11199999999999999,0.09596750483558994,0.0,0.21754444
2030-10-04 01:00:00,0.1066,0.10196402321083171,0.0,0.21761263
2030-10-04 02:00:00,0.1029,0.10745802707930367,0.0,0.21768082
2030-10-04 03:00:00,0.1047,0.10857698259187622,0.0,0.21774901
2030-10-04 04:00:00,0.10439999999999999,0.10457988394584139,0.0,0.21781720000000002
2030-10-04 05:00:00,0.0949,0.09659477756286267,0.0102,0.21788539
2030-10-04 06:00:00,0.0619,0.06656885880077369,0.1227,0.21795358
2030-10-04 07:00:00,0.037399999999999996,0.03436363636363637,0.2821,0.21802176899999998
2030-10-04 08:00:00,0.0276,0.02515938104448743,0.4294,0.21808995899999997
2030-10-04 09:00:00,0.0319,0.019581431334622826,0.527,0.218158149
2030-10-04 10:00:00,0.0405,0.01928742746615087,0.579,0.218226339
2030-10-04 11:00:00,0.0502,0.03465628626692457,0.5897,0.218294529
2030-10-04 12:00:00,0.05879999999999999,0.06701760154738878,0.551,0.21836271899999998
2030-10-04 13:00:00,0.0675,0.08844777562862668,0.466,0.21843090899999998
2030-10-04 14:00:00,0.0758,0.10764177949709862,0.3465,0.21849909899999997
2030-10-04 15:00:00,0.0873,0.12812553191489362,0.1962,0.218567289
2030-10-04 16:00:00,0.0888,0.15559767891682788,0.0404,0.218635479
2030-10-04 17:00:00,0.0902,0.16668568665377173,0.0,0.218703669
2030-10-04 18:00:00,0.0878,0.15087620889748551,0.0,0.21877185899999999
2030-10-04 19:00:00,0.08519999999999998,0.13163733075435202,0.0,0.21884004899999998
2030-10-04 20:00:00,0.0868,0.11310831721470017,0.0,0.21890823899999998
2030-10-04 21:00:00,0.09,0.09769980657640233,0.0,0.21897642899999997
2030-10-04 22:00:00,0.0902,0.0897936170212766,0.0,0.219044619
2030-10-04 23:00:00,0.0843,0.08449941972920695,0.0,0.21911280800000002
2030-10-05 00:00:00,0.0775,0.08420096711798838,0.0,0.21918099800000002
2030-10-05 01:00:00,0.071,0.08660290135396519,0.0,0.219120095
2030-10-05 02:00:00,0.0638,0.08819497098646034,0.0,0.21905919100000001
2030-10-05 03:00:00,0.0578,0.08574487427466151,0.0,0.21899828699999999
2030-10-05 04:00:00,0.0516,0.08501818181818181,0.0,0.21893738399999998
2030-10-05 05:00:00,0.04290000000000001,0.09151992263056093,0.0099,0.21887648
2030-10-05 06:00:00,0.0214,0.07797117988394583,0.1253,0.218815576
2030-10-05 07:00:00,0.01,0.05409206963249517,0.2899,0.218754673
2030-10-05 08:00:00,0.013900000000000001,0.039844874274661504,0.4312,0.21869376899999998
2030-10-05 09:00:00,0.0073,0.02927872340425532,0.526,0.218632865
2030-10-05 10:00:00,0.0064,0.024116634429400388,0.5775,0.21857196199999998
2030-10-05 11:00:00,0.0154,0.026858994197292072,0.5839,0.218511058
2030-10-05 12:00:00,0.0258,0.04766866537717601,0.5439,0.21845015399999998
2030-10-05 13:00:00,0.0382,0.06670386847195357,0.4699,0.218389251
2030-10-05 14:00:00,0.0473,0.07888317214700194,0.3509,0.218328347
2030-10-05 15:00:00,0.0518,0.09589864603481624,0.1976,0.218267443
2030-10-05 16:00:00,0.06149999999999999,0.12739032882011606,0.0406,0.21820654
2030-10-05 17:00:00,0.0529,0.11684990328820118,0.0,0.218145636
2030-10-05 18:00:00,0.0252,0.07953868471953579,0.0,0.218084732
2030-10-05 19:00:00,0.010299999999999998,0.052210444874274654,0.0,0.21802382899999997
2030-10-05 20:00:00,0.0061,0.0365220502901354,0.0,0.217962925
2030-10-05 21:00:00,0.0068,0.029892456479690525,0.0,0.217902021
2030-10-05 22:00:00,0.006999999999999999,0.02982456479690522,0.0,0.217841118
2030-10-05 23:00:00,0.0075,0.032327852998065766,0.0,0.21778021399999997
2030-10-06 00:00:00,0.0078000000000000005,0.03635377176015474,0.0,0.21771931
2030-10-06 01:00:00,0.008,0.04006034816247582,0.0,0.217558933
2030-10-06 02:00:00,0.0079,0.04360773694390716,0.0,0.21739855600000002
2030-10-06 03:00:00,0.008,0.045609477756286265,0.0,0.21723817899999998
2030-10-06 04:00:00,0.009,0.04563384912959382,0.0,0.217077802
2030-10-06 05:00:00,0.0105,0.04325860735009671,0.0092,0.216917425
2030-10-06 06:00:00,0.0079,0.03281702127659574,0.1281,0.216757048
2030-10-06 07:00:00,0.0006,0.019442359767891684,0.2975,0.21659667100000002
2030-10-06 08:00:00,0.004,0.011745261121856867,0.4454,0.21643629399999997
2030-10-06 09:00:00,0.01,0.007067117988394584,0.546,0.21627591699999998
2030-10-06 10:00:00,0.0166,0.0036798839458413923,0.6002,0.21611554
2030-10-06 11:00:00,0.0269,0.0018029013539651838,0.6082,0.215955163
2030-10-06 12:00:00,0.0356,0.010678916827852998,0.5725,0.21579478600000002
2030-10-06 13:00:00,0.0396,0.058880077369439066,0.4922,0.21563440899999997
2030-10-06 14:00:00,0.0405,0.09098181818181818,0.3688,0.21547403199999998
2030-10-06 15:00:00,0.0427,0.13260116054158608,0.2092,0.215313655
2030-10-06 16:00:00,0.0439,0.13840851063829787,0.0398,0.215153278
2030-10-06 17:00:00,0.0368,0.11113597678916827,0.0,0.21499290100000001
2030-10-06 18:00:00,0.03409999999999999,0.08253017408123792,0.0,0.214832524
2030-10-06 19:00:00,0.045700000000000005,0.06249381044487428,0.0,0.21467214699999998
2030-10-06 20:00:00,0.0656,0.04610560928433268,0.0,0.21451177
2030-10-06 21:00:00,0.0907,0.03353520309477756,0.0,0.214351393
2030-10-06 22:00:00,0.12029999999999999,0.030631141199226303,0.0,0.214191015
2030-10-06 23:00:00,0.12920000000000004,0.03680328820116054,0.0,0.214030638
2030-10-07 00:00:00,0.1321,0.045884332688588006,0.0,0.213870261
2030-10-07 01:00:00,0.1437,0.052475048355899424,0.0,0.213644229
2030-10-07 02:00:00,0.1636,0.06192669245647968,0.0,0.213418196
2030-10-07 03:00:00,0.17840000000000003,0.07256595744680851,0.0,0.213192164
2030-10-07 04:00:00,0.1921,0.08092108317214698,0.0,0.212966131
2030-10-07 05:00:00,0.207,0.08640580270793036,0.0058,0.21274009800000002
2030-10-07 06:00:00,0.20439999999999997,0.07910560928433269,0.0782,0.212514066
2030-10-07 07:00:00,0.2106,0.09137021276595746,0.1922,0.21228803300000001
2030-10-07 08:00:00,0.2188,0.10866673114119922,0.3057,0.212062
2030-10-07 09:00:00,0.2324,0.11110019342359767,0.3941,0.211835968
2030-10-07 10:00:00,0.25470000000000004,0.11447466150870406,0.4485,0.211609935
2030-10-07 11:00:00,0.2799,0.13058297872340424,0.4628,0.211383903
2030-10-07 12:00:00,0.2921,0.157626499032882,0.4294,0.21115787
2030-10-07 13:00:00,0.29980000000000007,0.19057504835589942,0.3592,0.21093183699999998
2030-10-07 14:00:00,0.2887,0.2188046421663443,0.2643,0.210705805
2030-10-07 15:00:00,0.2443,0.23551257253384908,0.1438,0.21047977199999998
2030-10-07 16:00:00,0.1909,0.2376437137330754,0.0248,0.210253739
2030-10-07 17:00:00,0.16489999999999996,0.22642611218568665,0.0,0.21002770699999998
2030-10-07 18:00:00,0.1702,0.20484642166344297,0.0,0.209801674
2030-10-07 19:00:00,0.1605,0.19868413926499032,0.0,0.209575642
2030-10-07 20:00:00,0.1507,0.19522398452611217,0.0,0.209349609
2030-10-07 21:00:00,0.1376,0.186826499032882,0.0,0.209123576
2030-10-07 22:00:00,0.121,0.18385357833655708,0.0,0.208897544
2030-10-07 23:00:00,0.10049999999999999,0.18328704061895548,0.0,0.208671511
2030-10-08 00:00:00,0.0836,0.18313230174081238,0.0,0.20844547800000002
2030-10-08 01:00:00,0.0739,0.18186170212765956,0.0,0.208203685
2030-10-08 02:00:00,0.06429999999999998,0.19912166344294005,0.0,0.20796189199999998
2030-10-08 03:00:00,0.0616,0.2677976789168279,0.0,0.207720099
2030-10-08 04:00:00,0.0586,0.3131176015473888,0.0,0.207478306
2030-10-08 05:00:00,0.062199999999999984,0.31765319148936166,0.0034,0.207236513
2030-10-08 06:00:00,0.0642,0.288616247582205,0.0892,0.20699472
2030-10-08 07:00:00,0.07270000000000001,0.25165996131528046,0.2473,0.206752927
2030-10-08 08:00:00,0.0602,0.21319999999999997,0.3757,0.206511133
2030-10-08 09:00:00,0.0602,0.17902901353965184,0.4647,0.20626934
2030-10-08 10:00:00,0.0711,0.1609841392649903,0.5101,0.206027547
2030-10-08 11:00:00,0.0904,0.166421083172147,0.5249,0.205785754
2030-10-08 12:00:00,0.1158,0.19076847195357835,0.4862,0.20554396100000003
2030-10-08 13:00:00,0.1302,0.21244893617021274,0.4163,0.205302168
2030-10-08 14:00:00,0.1493,0.21913462282398452,0.2987,0.205060375
2030-10-08 15:00:00,0.1575,0.22443578336557063,0.1442,0.20481858100000003
2030-10-08 16:00:00,0.15149999999999997,0.2272953578336557,0.019,0.204576788
2030-10-08 17:00:00,0.1301,0.2094733075435203,0.0,0.204334995
2030-10-08 18:00:00,0.0834,0.20835203094777566,0.0,0.204093202
2030-10-08 19:00:00,0.0404,0.21295396518375243,0.0,0.20385140899999998
2030-10-08 20:00:00,0.020599999999999997,0.18712398452611217,0.0,0.20360961600000002
2030-10-08 21:00:00,0.0201,0.16120793036750483,0.0,0.203367823
2030-10-08 22:00:00,0.0197,0.1483394584139265,0.0,0.20312603
2030-10-08 23:00:00,0.020500000000000004,0.12321353965183753,0.0,0.20288423600000002
2030-10-09 00:00:00,0.014500000000000002,0.1059551257253385,0.0,0.202642443
2030-10-09 01:00:00,0.011199999999999998,0.09603288201160542,0.0,0.202407699
2030-10-09 02:00:00,0.015,0.08942920696324953,0.0,0.202172954
2030-10-09 03:00:00,0.0251,0.07910502901353965,0.0,0.20193821
2030-10-09 04:00:00,0.0483,0.06270889748549323,0.0,0.201703465
2030-10-09 05:00:00,0.0832,0.04388684719535783,0.0033,0.20146872100000002
2030-10-09 06:00:00,0.0884,0.02513597678916828,0.0716,0.20123397699999998
2030-10-09 07:00:00,0.1492,0.012985880077369439,0.1987,0.200999232
2030-10-09 08:00:00,0.1867,0.007339845261121857,0.3425,0.20076448800000002
2030-10-09 09:00:00,0.19769999999999996,0.0036295938104448744,0.4564,0.200529743
2030-10-09 10:00:00,0.2148,0.009678916827852999,0.5116,0.20029499899999997
2030-10-09 11:00:00,0.2449,0.03500541586073501,0.5003,0.200060254
2030-10-09 12:00:00,0.2749,0.06976885880077369,0.4536,0.19982551
2030-10-09 13:00:00,0.2839,0.12138646034816247,0.3856,0.199590765
2030-10-09 14:00:00,0.25649999999999995,0.19508007736943908,0.2866,0.19935602100000002
2030-10-09 15:00:00,0.2112,0.2723404255319149,0.1555,0.199121276
2030-10-09 16:00:00,0.15320000000000003,0.29969903288201166,0.0268,0.198886532
2030-10-09 17:00:00,0.1508,0.26587253384912957,0.0,0.198651787
2030-10-09 18:00:00,0.15929999999999997,0.21973829787234045,0.0,0.19841704300000002
2030-10-09 19:00:00,0.1616,0.16867369439071567,0.0,0.19818229899999998
2030-10-09 20:00:00,0.1497,0.1269872340425532,0.0,0.197947554
2030-10-09 21:00:00,0.11490000000000002,0.09354023210831723,0.0,0.19771281
2030-10-09 22:00:00,0.0788,0.0838193423597679,0.0,0.197478065
2030-10-09 23:00:00,0.0553,0.09788916827852999,0.0,0.19724332100000003
2030-10-10 00:00:00,0.0424,0.1228605415860735,0.0,0.19700857600000002
2030-10-10 01:00:00,0.03470000000000001,0.14667678916827853,0.0,0.196791572
2030-10-10 02:00:00,0.0335,0.1537870406189555,0.0,0.196574568
2030-10-10 03:00:00,0.0394,0.16259110251450676,0.0,0.19635756399999998
2030-10-10 04:00:00,0.0466,0.17735106382978724,0.0,0.19614056
2030-10-10 05:00:00,0.0494,0.1904818181818182,0.0034,0.19592355600000003
2030-10-10 06:00:00,0.0431,0.1940081237911025,0.0863,0.195706552
2030-10-10 07:00:00,0.0345,0.1951603481624758,0.2329,0.195489548
2030-10-10 08:00:00,0.014699999999999998,0.21057659574468082,0.3617,0.195272544
2030-10-10 09:00:00,0.0002,0.22515415860735014,0.4509,0.19505554
2030-10-10 10:00:00,0.0,0.2310841392649903,0.4875,0.194838536
2030-10-10 11:00:00,0.0034,0.24616711798839463,0.4808,0.19462153199999999
2030-10-10 12:00:00,0.0157,0.26504100580270795,0.4371,0.19440452800000002
2030-10-10 13:00:00,0.029700000000000004,0.28585067698259187,0.3547,0.19418752399999997
2030-10-10 14:00:00,0.0353,0.3018723404255319,0.25,0.19397052
2030-10-10 15:00:00,0.0319,0.3073375241779497,0.131,0.19375351600000001
2030-10-10 16:00:00,0.0254,0.29176170212765956,0.0197,0.193536512
2030-10-10 17:00:00,0.0221,0.2704257253384913,0.0,0.193319508
2030-10-10 18:00:00,0.018,0.24105183752417791,0.0,0.19310250399999998
2030-10-10 19:00:00,0.0175,0.20028916827852997,0.0,0.19288550000000002
2030-10-10 20:00:00,0.019,0.16117137330754353,0.0,0.19266849600000002
2030-10-10 21:00:00,0.0228,0.12962804642166342,0.0,0.192451492
2030-10-10 22:00:00,0.029700000000000004,0.10059090909090909,0.0,0.192234488
2030-10-10 23:00:00,0.03269999999999999,0.07528297872340427,0.0,0.192017485
2030-10-11 00:00:00,0.0324,0.06119593810444875,0.0,0.19180048100000002
2030-10-11 01:00:00,0.0292,0.05474796905222437,0.0,0.19162600600000002
2030-10-11 02:00:00,0.0234,0.05185764023210832,0.0,0.19145153199999998
2030-10-11 03:00:00,0.0209,0.0547615087040619,0.0,0.191277057
2030-10-11 04:00:00,0.0199,0.06302456479690523,0.0,0.19110258300000002
2030-10-11 05:00:00,0.017900000000000003,0.07245628626692456,0.0035,0.19092810899999998
2030-10-11 06:00:00,0.0073,0.07369206963249517,0.0759,0.19075363399999998
2030-10-11 07:00:00,0.0001,0.07539980657640231,0.2018,0.19057916
2030-10-11 08:00:00,0.0010999999999999998,0.07597446808510638,0.3105,0.19040468600000002
2030-10-11 09:00:00,0.003,0.07422688588007736,0.3823,0.190230211
2030-10-11 10:00:00,0.0063,0.07820135396518377,0.4234,0.190055737
2030-10-11 11:00:00,0.0117,0.09751508704061895,0.4162,0.189881262
2030-10-11 12:00:00,0.0207,0.12364816247582205,0.359,0.18970678800000002
2030-10-11 13:00:00,0.0318,0.14159284332688588,0.2747,0.18953231399999998
2030-10-11 14:00:00,0.0427,0.14932456479690523,0.177,0.18935783899999997
2030-10-11 15:00:00,0.049,0.14698646034816246,0.0761,0.189183365
2030-10-11 16:00:00,0.0428,0.14698007736943905,0.0065,0.189008891
2030-10-11 17:00:00,0.0411,0.15091431334622823,0.0,0.188834416
2030-10-11 18:00:00,0.0427,0.1508460348162476,0.0,0.188659942
2030-10-11 19:00:00,0.059,0.14433500967117988,0.0,0.188485467
2030-10-11 20:00:00,0.0944,0.12152572533849128,0.0,0.188310993
2030-10-11 21:00:00,0.1351,0.0885568665377176,0.0,0.18813651899999997
2030-10-11 22:00:00,0.14760000000000004,0.06309980657640232,0.0,0.187962044
2030-10-11 23:00:00,0.1545,0.04572862669245648,0.0,0.18778757
2030-10-12 00:00:00,0.1668,0.03872243713733075,0.0,0.187613096
2030-10-12 01:00:00,0.1957,0.035626112185686655,0.0,0.187457312
2030-10-12 02:00:00,0.2217,0.03473268858800774,0.0,0.187301528
2030-10-12 03:00:00,0.2374,0.03727756286266925,0.0,0.187145745
2030-10-12 04:00:00,0.23179999999999998,0.044146228239845264,0.0,0.186989961
2030-10-12 05:00:00,0.24920000000000003,0.057139071566731134,0.0017,0.18683417800000002
2030-10-12 06:00:00,0.2385,0.06779535783365571,0.0395,0.186678394
2030-10-12 07:00:00,0.3166,0.0867725338491296,0.1199,0.186522611
2030-10-12 08:00:00,0.3721,0.10618762088974855,0.2183,0.18636682699999998
2030-10-12 09:00:00,0.3995,0.128799419729207,0.2945,0.186211044
2030-10-12 10:00:00,0.4282,0.1427487427466151,0.3444,0.18605526
2030-10-12 11:00:00,0.47819999999999996,0.14179284332688588,0.3607,0.18589947699999998
2030-10-12 12:00:00,0.49180000000000007,0.12396015473887813,0.3307,0.18574369300000002
2030-10-12 13:00:00,0.4681,0.10273365570599613,0.2601,0.18558791
2030-10-12 14:00:00,0.3819000000000001,0.08485976789168277,0.1771,0.185432126
2030-10-12 15:00:00,0.3269,0.08018375241779498,0.0827,0.185276343
2030-10-12 16:00:00,0.331,0.08652901353965183,0.0113,0.185120559
2030-10-12 17:00:00,0.3077,0.08950348162475823,0.0,0.18496477600000003
2030-10-12 18:00:00,0.2874,0.08888858800773694,0.0,0.184808992
2030-10-12 19:00:00,0.272,0.08287292069632494,0.0,0.18465320899999998
2030-10-12 20:00:00,0.23750000000000002,0.07429516441005801,0.0,0.184497425
2030-10-12 21:00:00,0.1956,0.06372649903288201,0.0,0.184341642
2030-10-12 22:00:00,0.1631,0.057800193423597684,0.0,0.184185858
2030-10-12 23:00:00,0.1219,0.053438491295938105,0.0,0.184030075
2030-10-13 00:00:00,0.0871,0.048524951644100575,0.0,0.18387429100000002
2030-10-13 01:00:00,0.0609,0.04134352030947775,0.0,0.183719545
2030-10-13 02:00:00,0.03869999999999999,0.029029206963249513,0.0,0.18356479899999997
2030-10-13 03:00:00,0.0263,0.02178027079303675,0.0,0.18341005300000002
2030-10-13 04:00:00,0.0271,0.017544874274661507,0.0,0.183255307
2030-10-13 05:00:00,0.036199999999999996,0.015999613152804643,0.0004,0.18310056100000002
2030-10-13 06:00:00,0.0302,0.01500212765957447,0.0323,0.182945815
2030-10-13 07:00:00,0.022300000000000004,0.012460154738878144,0.1047,0.18279106899999997
2030-10-13 08:00:00,0.0321,0.008829593810444875,0.1846,0.18263632300000002
2030-10-13 09:00:00,0.05910000000000001,0.004597485493230174,0.2487,0.182481577
2030-10-13 10:00:00,0.0928,0.0027423597678916823,0.2747,0.18232683100000002
2030-10-13 11:00:00,0.1279,0.00951760154738878,0.2621,0.182172085
2030-10-13 12:00:00,0.13859999999999997,0.023568085106382978,0.225,0.18201733899999997
2030-10-13 13:00:00,0.13749999999999998,0.037621470019342365,0.1733,0.18186259300000002
2030-10-13 14:00:00,0.1201,0.039998839458413926,0.116,0.181707847
2030-10-13 15:00:00,0.084,0.032433075435203094,0.0565,0.18155310100000002
2030-10-13 16:00:00,0.08409999999999998,0.023692843326885885,0.0072,0.181398355
2030-10-13 17:00:00,0.10450000000000001,0.023957059961315284,0.0,0.18124360899999997
2030-10-13 18:00:00,0.1264,0.03152823984526112,0.0,0.18108886300000002
2030-10-13 19:00:00,0.1486,0.036681818181818183,0.0,0.180934117
2030-10-13 20:00:00,0.1667,0.04826634429400387,0.0,0.18077937100000002
2030-10-13 21:00:00,0.1968,0.056314700193423606,0.0,0.180624625
2030-10-13 22:00:00,0.2358,0.055485686653771765,0.0,0.18046987899999997
2030-10-13 23:00:00,0.2634,0.06365203094777562,0.0,0.18031513300000002
2030-10-14 00:00:00,0.2696,0.07839883945841392,0.0,0.180160387
2030-10-14 01:00:00,0.2582,0.0913110251450677,0.0,0.180027175
2030-10-14 02:00:00,0.24240000000000003,0.09255822050290137,0.0,0.17989396300000002
2030-10-14 03:00:00,0.21020000000000003,0.08926576402321083,0.0,0.17976075100000002
2030-10-14 04:00:00,0.1787,0.08524448742746615,0.0,0.17962753899999997
2030-10-14 05:00:00,0.1533,0.08143191489361702,0.0024,0.17949432699999998
2030-10-14 06:00:00,0.1075,0.06905125725338492,0.0762,0.179361115
2030-10-14 07:00:00,0.1166,0.06723230174081238,0.2152,0.179227903
2030-10-14 08:00:00,0.1179,0.06828955512572535,0.3496,0.17909469100000003
2030-10-14 09:00:00,0.101,0.06902417794970986,0.4534,0.17896147899999998
2030-10-14 10:00:00,0.0927,0.08428085106382978,0.5106,0.17882826699999999
2030-10-14 11:00:00,0.101,0.10858684719535784,0.5228,0.178695055
2030-10-14 12:00:00,0.1172,0.12437156673114122,0.4618,0.178561843
2030-10-14 13:00:00,0.1305,0.13062224371373307,0.3506,0.178428631
2030-10-14 14:00:00,0.13330000000000003,0.12350928433268858,0.2299,0.17829541899999998
2030-10-14 15:00:00,0.1208,0.11128220502901355,0.1026,0.178162207
2030-10-14 16:00:00,0.12130000000000002,0.12639671179883946,0.0089,0.17802899600000002
2030-10-14 17:00:00,0.1351,0.14676789168278528,0.0,0.17789578399999997
2030-10-14 18:00:00,0.1411,0.1558340425531915,0.0,0.17776257199999998
2030-10-14 19:00:00,0.1268,0.15228413926499032,0.0,0.17762936
2030-10-14 20:00:00,0.1361,0.13706073500967117,0.0,0.17749614800000002
2030-10-14 21:00:00,0.1551,0.11843597678916827,0.0,0.17736293600000003
2030-10-14 22:00:00,0.1767,0.10702669245647968,0.0,0.17722972399999998
2030-10-14 23:00:00,0.206,0.09856943907156673,0.0,0.17709651199999998
2030-10-15 00:00:00,0.2292,0.09358626692456479,0.0,0.1769633
2030-10-15 01:00:00,0.2544,0.10288259187620889,0.0,0.17689792199999999
2030-10-15 02:00:00,0.2833,0.1126083172147002,0.0,0.176832543
2030-10-15 03:00:00,0.3019,0.11193133462282398,0.0,0.176767165
2030-10-15 04:00:00,0.3066,0.11592437137330754,0.0,0.17670178600000003
2030-10-15 05:00:00,0.31590000000000007,0.12813926499032882,0.002,0.176636408
2030-10-15 06:00:00,0.2761,0.13524332688588006,0.0485,0.17657103
2030-10-15 07:00:00,0.3174,0.16031199226305606,0.1311,0.176505651
2030-10-15 08:00:00,0.4544,0.20489941972920697,0.2087,0.176440273
2030-10-15 09:00:00,0.5524,0.2113411992263056,0.2651,0.176374895
2030-10-15 10:00:00,0.6212,0.23548143133462282,0.2947,0.17630951600000003
2030-10-15 11:00:00,0.6274000000000001,0.26139825918762083,0.2731,0.176244138
2030-10-15 12:00:00,0.5871,0.24632127659574465,0.2344,0.176178759
2030-10-15 13:00:00,0.5079,0.18675183752417795,0.1814,0.176113381
2030-10-15 14:00:00,0.4274,0.17883152804642166,0.1161,0.176048003
2030-10-15 15:00:00,0.3548,0.2375222437137331,0.0487,0.17598262399999998
2030-10-15 16:00:00,0.3263,0.4324170212765957,0.0048,0.17591724600000003
2030-10-15 17:00:00,0.2497,0.47163675048355896,0.0,0.175851867
2030-10-15 18:00:00,0.2513,0.4591137330754352,0.0,0.175786489
2030-10-15 19:00:00,0.3226,0.386590328820116,0.0,0.175721111
2030-10-15 20:00:00,0.515,0.36732920696324955,0.0,0.17565573199999998
2030-10-15 21:00:00,0.6726,0.32995512572533847,0.0,0.17559035399999998
2030-10-15 22:00:00,0.6885,0.2102038684719536,0.0,0.175524975
2030-10-15 23:00:00,0.7733,0.17481315280464219,0.0,0.175459597
2030-10-16 00:00:00,0.6605999999999999,0.18809709864603483,0.0,0.175394219
2030-10-16 01:00:00,0.5609,0.1316348162475822,0.0,0.17589008899999997
2030-10-16 02:00:00,0.47039999999999993,0.17692263056092844,0.0,0.17638595899999998
2030-10-16 03:00:00,0.4563,0.2303504835589942,0.0,0.17688182800000002
2030-10-16 04:00:00,0.4337,0.2221752417794971,0.0,0.177377698
2030-10-16 05:00:00,0.3788,0.20335996131528045,0.0006,0.177873568
2030-10-16 06:00:00,0.383,0.16219439071566735,0.0769,0.17836943800000002
2030-10-16 07:00:00,0.4844,0.11889052224371371,0.2358,0.178865308
2030-10-16 08:00:00,0.5039,0.12487678916827852,0.3798,0.179361178
2030-10-16 09:00:00,0.4791,0.14219381044487428,0.481,0.17985704800000002
2030-10-16 10:00:00,0.4542,0.1682441005802708,0.5404,0.180352918
2030-10-16 11:00:00,0.4586,0.1792574468085106,0.5697,0.180848788
2030-10-16 12:00:00,0.4736,0.16784912959381043,0.5443,0.18134465800000002
2030-10-16 13:00:00,0.4708,0.1537119922630561,0.4642,0.181840528
2030-10-16 14:00:00,0.4291,0.15452205029013538,0.3406,0.182336398
2030-10-16 15:00:00,0.3702,0.188905415860735,0.1823,0.18283226800000002
2030-10-16 16:00:00,0.2952000000000001,0.2815972920696325,0.0164,0.183328138
2030-10-16 17:00:00,0.2408,0.3862733075435203,0.0,0.183824008
2030-10-16 18:00:00,0.229,0.3978071566731141,0.0,0.18431987800000002
2030-10-16 19:00:00,0.2233,0.3457172147001934,0.0,0.184815748
2030-10-16 20:00:00,0.21800000000000003,0.29952630560928434,0.0,0.185311618
2030-10-16 21:00:00,0.1819,0.2583485493230174,0.0,0.18580748800000002
2030-10-16 22:00:00,0.1495,0.2288624758220503,0.0,0.186303358
2030-10-16 23:00:00,0.1311,0.20160309477756283,0.0,0.186799228
2030-10-17 00:00:00,0.12159999999999999,0.17917659574468084,0.0,0.18729509800000002
2030-10-17 01:00:00,0.11529999999999999,0.15782823984526112,0.0,0.188039667
2030-10-17 02:00:00,0.1041,0.1365007736943907,0.0,0.18878423600000002
2030-10-17 03:00:00,0.08920000000000002,0.12416015473887812,0.0,0.189528805
2030-10-17 04:00:00,0.0758,0.11689206963249517,0.0,0.190273374
2030-10-17 05:00:00,0.0644,0.11294700193423596,0.0024,0.191017944
2030-10-17 06:00:00,0.042100000000000005,0.0905899419729207,0.0915,0.191762513
2030-10-17 07:00:00,0.0158,0.057998065764023214,0.2576,0.192507082
2030-10-17 08:00:00,0.0039000000000000003,0.04737833655705996,0.3989,0.19325165100000002
2030-10-17 09:00:00,0.0005,0.03698471953578336,0.4912,0.19399622
2030-10-17 10:00:00,0.0003,0.028645454545454543,0.5347,0.19474079
2030-10-17 11:00:00,0.0001,0.024535976789168277,0.53,0.195485359
2030-10-17 12:00:00,0.0,0.022458220502901353,0.4873,0.196229928
2030-10-17 13:00:00,0.0003,0.020081431334622823,0.4077,0.196974497
2030-10-17 14:00:00,0.0073,0.023670599613152803,0.2816,0.19771906600000003
2030-10-17 15:00:00,0.0192,0.04076595744680851,0.1349,0.19846363600000003
2030-10-17 16:00:00,0.046,0.05905473887814314,0.0083,0.199208205
2030-10-17 17:00:00,0.0567,0.06383268858800774,0.0,0.19995277399999997
2030-10-17 18:00:00,0.0573,0.07199671179883946,0.0,0.200697343
2030-10-17 19:00:00,0.05109999999999999,0.10594951644100578,0.0,0.201441912
2030-10-17 20:00:00,0.0521,0.13711121856866537,0.0,0.202186482
2030-10-17 21:00:00,0.0512,0.15273907156673114,0.0,0.202931051
2030-10-17 22:00:00,0.046,0.1554326885880077,0.0,0.20367562
2030-10-17 23:00:00,0.0396,0.15300058027079305,0.0,0.20442018899999997
2030-10-18 00:00:00,0.03230000000000001,0.14774468085106385,0.0,0.205164758
2030-10-18 01:00:00,0.0266,0.15026731141199226,0.0,0.20554744600000002
2030-10-18 02:00:00,0.0221,0.16011411992263055,0.0,0.20593013300000002
2030-10-18 03:00:00,0.0191,0.1759073500967118,0.0,0.20631282
2030-10-18 04:00:00,0.0177,0.19336189555125727,0.0,0.206695508
2030-10-18 05:00:00,0.0184,0.20894816247582207,0.0022,0.207078195
2030-10-18 06:00:00,0.0183,0.1982174081237911,0.0761,0.20746088199999999
2030-10-18 07:00:00,0.0082,0.2097678916827853,0.2262,0.20784357
2030-10-18 08:00:00,0.0101,0.20535435203094776,0.3745,0.208226257
2030-10-18 09:00:00,0.008,0.19551411992263057,0.4921,0.208608944
2030-10-18 10:00:00,0.0097,0.19035203094777564,0.556,0.20899163199999998
2030-10-18 11:00:00,0.0102,0.1872063829787234,0.5677,0.20937431899999998
2030-10-18 12:00:00,0.014500000000000002,0.18599651837524178,0.5292,0.20975700600000002
2030-10-18 13:00:00,0.0204,0.19083597678916828,0.4459,0.210139694
2030-10-18 14:00:00,0.0305,0.20605764023210832,0.3197,0.210522381
2030-10-18 15:00:00,0.0593,0.23378955512572536,0.1587,0.210905068
2030-10-18 16:00:00,0.10400000000000001,0.26234177949709864,0.0093,0.21128775600000002
2030-10-18 17:00:00,0.1194,0.28503713733075436,0.0,0.211670443
2030-10-18 18:00:00,0.12,0.28563172147001936,0.0,0.21205313
2030-10-18 19:00:00,0.11309999999999999,0.267005415860735,0.0,0.212435818
2030-10-18 20:00:00,0.0823,0.2514667311411992,0.0,0.212818505
2030-10-18 21:00:00,0.0532,0.2395754352030948,0.0,0.21320119199999998
2030-10-18 22:00:00,0.035199999999999995,0.23330348162475822,0.0,0.21358387899999998
2030-10-18 23:00:00,0.0242,0.23466150870406188,0.0,0.213966567
2030-10-19 00:00:00,0.0174,0.24382069632495162,0.0,0.214349254
2030-10-19 01:00:00,0.0163,0.2583226305609284,0.0,0.214465518
2030-10-19 02:00:00,0.018699999999999998,0.2768315280464217,0.0,0.21458178100000003
2030-10-19 03:00:00,0.020599999999999997,0.2877232108317215,0.0,0.21469804399999998
2030-10-19 04:00:00,0.0209,0.29449845261121854,0.0,0.214814308
2030-10-19 05:00:00,0.019,0.30519381044487426,0.0021,0.21493057100000001
2030-10-19 06:00:00,0.0157,0.26753984526112184,0.081,0.215046835
2030-10-19 07:00:00,0.009,0.27356692456479687,0.2344,0.215163098
2030-10-19 08:00:00,0.0051,0.25987156673114115,0.3763,0.215279362
2030-10-19 09:00:00,0.0,0.2415725338491296,0.4816,0.215395625
2030-10-19 10:00:00,0.0,0.2242056092843327,0.5405,0.21551188899999998
2030-10-19 11:00:00,0.001,0.20537369439071565,0.55,0.215628152
2030-10-19 12:00:00,0.0037999999999999996,0.18381876208897485,0.5109,0.21574441600000002
2030-10-19 13:00:00,0.0143,0.16413829787234044,0.4227,0.21586067899999997
2030-10-19 14:00:00,0.0241,0.14881334622823986,0.2939,0.215976942
2030-10-19 15:00:00,0.0503,0.15292630560928433,0.1479,0.216093206
2030-10-19 16:00:00,0.0801,0.1787806576402321,0.0073,0.216209469
2030-10-19 17:00:00,0.0729,0.19606653771760155,0.0,0.21632573300000002
2030-10-19 18:00:00,0.0582,0.1917557059961315,0.0,0.21644199600000003
2030-10-19 19:00:00,0.0512,0.17637543520309476,0.0,0.21655826
2030-10-19 20:00:00,0.0404,0.1616075435203095,0.0,0.216674523
2030-10-19 21:00:00,0.027999999999999997,0.14914835589941974,0.0,0.21679078699999998
2030-10-19 22:00:00,0.016,0.14515125725338493,0.0,0.21690705
2030-10-19 23:00:00,0.012499999999999999,0.1516330754352031,0.0,0.217023314
2030-10-20 00:00:00,0.015499999999999998,0.16569013539651836,0.0,0.217139577
2030-10-20 01:00:00,0.0203,0.1820442940038685,0.0,0.21710964
2030-10-20 02:00:00,0.022399999999999996,0.1938203094777563,0.0,0.217079703
2030-10-20 03:00:00,0.020599999999999997,0.1962400386847195,0.0,0.217049766
2030-10-20 04:00:00,0.0167,0.1949495164410058,0.0,0.217019829
2030-10-20 05:00:00,0.0151,0.1944042553191489,0.0017,0.216989892
2030-10-20 06:00:00,0.013999999999999999,0.17043907156673113,0.0756,0.216959955
2030-10-20 07:00:00,0.0055,0.1446541586073501,0.2327,0.216930018
2030-10-20 08:00:00,0.0033,0.12050502901353964,0.3785,0.21690008100000002
2030-10-20 09:00:00,0.0122,0.0928558994197292,0.4769,0.216870144
2030-10-20 10:00:00,0.024999999999999998,0.07432437137330754,0.5277,0.216840206
2030-10-20 11:00:00,0.0318,0.06129980657640232,0.5285,0.21681026899999997
2030-10-20 12:00:00,0.034,0.05460522243713733,0.4816,0.216780332
2030-10-20 13:00:00,0.037399999999999996,0.052185493230174074,0.3928,0.216750395
2030-10-20 14:00:00,0.0456,0.05404235976789168,0.268,0.216720458
2030-10-20 15:00:00,0.06539999999999999,0.07758046421663442,0.1292,0.21669052100000002
2030-10-20 16:00:00,0.0952,0.10832688588007737,0.0067,0.216660584
2030-10-20 17:00:00,0.0895,0.10737388781431334,0.0,0.21663064699999998
2030-10-20 18:00:00,0.0855,0.09645628626692458,0.0,0.21660071
2030-10-20 19:00:00,0.0532,0.09684758220502902,0.0,0.216570773
2030-10-20 20:00:00,0.0373,0.10374197292069634,0.0,0.21654083600000001
2030-10-20 21:00:00,0.0285,0.11078974854932301,0.0,0.21651089899999998
2030-10-20 22:00:00,0.0259,0.11783926499032882,0.0,0.216480962
2030-10-20 23:00:00,0.0277,0.11845976789168279,0.0,0.216451025
2030-10-21 00:00:00,0.0288,0.11319477756286267,0.0,0.216421088
2030-10-21 01:00:00,0.0296,0.10769729206963251,0.0,0.21629991399999998
2030-10-21 02:00:00,0.0296,0.10671005802707931,0.0,0.21617874
2030-10-21 03:00:00,0.030300000000000004,0.10561953578336555,0.0,0.216057567
2030-10-21 04:00:00,0.0332,0.10442901353965182,0.0,0.215936393
2030-10-21 05:00:00,0.0368,0.1070100580270793,0.0012,0.21581521899999997
2030-10-21 06:00:00,0.0364,0.09594061895551258,0.0693,0.215694045
2030-10-21 07:00:00,0.024999999999999998,0.08656499032882013,0.2163,0.215572872
2030-10-21 08:00:00,0.035800000000000005,0.08033500967117987,0.3513,0.215451698
2030-10-21 09:00:00,0.0493,0.06968820116054159,0.4436,0.215330524
2030-10-21 10:00:00,0.0589,0.05839613152804643,0.4888,0.21520935
2030-10-21 11:00:00,0.0631,0.046136170212765955,0.489,0.21508817600000002
2030-10-21 12:00:00,0.0677,0.0387963249516441,0.4524,0.21496700300000002
2030-10-21 13:00:00,0.0698,0.05979574468085107,0.3769,0.214845829
2030-10-21 14:00:00,0.067,0.07686847195357834,0.2608,0.214724655
2030-10-21 15:00:00,0.06060000000000001,0.09734796905222437,0.1181,0.214603481
2030-10-21 16:00:00,0.0604,0.10750444874274662,0.0038,0.214482308
2030-10-21 17:00:00,0.0514,0.09407117988394584,0.0,0.21436113399999998
2030-10-21 18:00:00,0.0508,0.07668394584139265,0.0,0.21423996
2030-10-21 19:00:00,0.04460000000000001,0.06379129593810445,0.0,0.214118786
2030-10-21 20:00:00,0.035800000000000005,0.0570019342359768,0.0,0.213997613
2030-10-21 21:00:00,0.0277,0.051459574468085106,0.0,0.21387643899999997
2030-10-21 22:00:00,0.0225,0.049362475822050285,0.0,0.213755265
2030-10-21 23:00:00,0.0162,0.05099226305609285,0.0,0.21363409100000003
2030-10-22 00:00:00,0.0172,0.048034622823984525,0.0,0.213512918
2030-10-22 01:00:00,0.0229,0.046868278529980656,0.0,0.213326088
2030-10-22 02:00:00,0.026099999999999998,0.048892263056092844,0.0,0.213139259
2030-10-22 03:00:00,0.0262,0.0462916827852998,0.0,0.21295243
2030-10-22 04:00:00,0.0237,0.04340889748549323,0.0,0.2127656
2030-10-22 05:00:00,0.018699999999999998,0.0394357833655706,0.0006,0.21257877100000003
2030-10-22 06:00:00,0.0117,0.033637911025145066,0.0547,0.212391942
2030-10-22 07:00:00,0.0057,0.026324564796905224,0.1881,0.212205112
2030-10-22 08:00:00,0.029399999999999996,0.020931914893617024,0.3163,0.212018283
2030-10-22 09:00:00,0.04859999999999999,0.017912959381044483,0.4139,0.211831453
2030-10-22 10:00:00,0.0651,0.016594003868471957,0.4675,0.21164462399999998
2030-10-22 11:00:00,0.07160000000000001,0.01610676982591876,0.4799,0.211457795
2030-10-22 12:00:00,0.0753,0.01625531914893617,0.4509,0.211270965
2030-10-22 13:00:00,0.0803,0.019575822050290136,0.3811,0.211084136
2030-10-22 14:00:00,0.0873,0.02275145067698259,0.2718,0.210897307
2030-10-22 15:00:00,0.0893,0.05715647969052224,0.1255,0.21071047699999998
2030-10-22 16:00:00,0.0975,0.08514719535783366,0.0034,0.210523648
2030-10-22 17:00:00,0.08050000000000002,0.08239980657640233,0.0,0.21033681899999998
2030-10-22 18:00:00,0.0488,0.07824874274661509,0.0,0.21014998899999998
2030-10-22 19:00:00,0.0238,0.07682611218568665,0.0,0.20996316
2030-10-22 20:00:00,0.019,0.07800270793036751,0.0,0.209776331
2030-10-22 21:00:00,0.0195,0.07675802707930368,0.0,0.209589501
2030-10-22 22:00:00,0.0188,0.07508162475822051,0.0,0.20940267199999998
2030-10-22 23:00:00,0.0233,0.07359767891682785,0.0,0.209215843
2030-10-23 00:00:00,0.0335,0.07581121856866536,0.0,0.209029013
2030-10-23 01:00:00,0.0459,0.08211489361702129,0.0,0.208801793
2030-10-23 02:00:00,0.0583,0.08714332688588007,0.0,0.20857457199999999
2030-10-23 03:00:00,0.0641,0.10338394584139265,0.0,0.20834735100000001
2030-10-23 04:00:00,0.0633,0.13150058027079303,0.0,0.208120131
2030-10-23 05:00:00,0.0589,0.14962514506769828,0.0005,0.20789291
2030-10-23 06:00:00,0.0503,0.14408452611218567,0.058,0.20766569
2030-10-23 07:00:00,0.0349,0.1010688588007737,0.2166,0.207438469
2030-10-23 08:00:00,0.0281,0.0670568665377176,0.3781,0.20721124800000001
2030-10-23 09:00:00,0.024299999999999995,0.04572611218568665,0.4842,0.20698402800000001
2030-10-23 10:00:00,0.0238,0.03786769825918763,0.5364,0.206756807
2030-10-23 11:00:00,0.0267,0.03624139264990329,0.5415,0.206529587
2030-10-23 12:00:00,0.0331,0.03673152804642166,0.5046,0.20630236600000001
2030-10-23 13:00:00,0.0441,0.04120386847195357,0.4237,0.206075145
2030-10-23 14:00:00,0.055,0.04096344294003868,0.3019,0.205847925
2030-10-23 15:00:00,0.0642,0.04396421663442939,0.1482,0.205620704
2030-10-23 16:00:00,0.0846,0.048534622823984526,0.0055,0.205393484
2030-10-23 17:00:00,0.08640000000000002,0.052303675048355903,0.0,0.20516626300000002
2030-10-23 18:00:00,0.0632,0.052931141199226296,0.0,0.204939042
2030-10-23 19:00:00,0.044300000000000006,0.054010058027079304,0.0,0.204711822
2030-10-23 20:00:00,0.0331,0.05755976789168279,0.0,0.20448460100000002
2030-10-23 21:00:00,0.027299999999999998,0.06407079303675048,0.0,0.20425738100000002
2030-10-23 22:00:00,0.0222,0.07629787234042552,0.0,0.20403016
2030-10-23 23:00:00,0.0183,0.08792707930367505,0.0,0.203802939
2030-10-24 00:00:00,0.0154,0.09676247582205029,0.0,0.203575719
2030-10-24 01:00:00,0.0133,0.10273365570599613,0.0,0.20332307600000002
2030-10-24 02:00:00,0.011199999999999998,0.107247582205029,0.0,0.203070432
2030-10-24 03:00:00,0.01,0.1078808510638298,0.0,0.202817789
2030-10-24 04:00:00,0.0096,0.1134276595744681,0.0,0.202565146
2030-10-24 05:00:00,0.0101,0.12861798839458413,0.0004,0.202312502
2030-10-24 06:00:00,0.0095,0.13536189555125724,0.0576,0.20205985899999998
2030-10-24 07:00:00,0.0029,0.12739477756286266,0.2078,0.201807216
2030-10-24 08:00:00,0.0006999999999999999,0.1154622823984526,0.3536,0.201554572
2030-10-24 09:00:00,0.0027000000000000006,0.08610038684719536,0.4531,0.201301929
2030-10-24 10:00:00,0.0063,0.05541179883945841,0.5048,0.20104928600000002
2030-10-24 11:00:00,0.0099,0.03677988394584139,0.51,0.200796642
2030-10-24 12:00:00,0.0128,0.02782688588007737,0.4695,0.20054399899999997
2030-10-24 13:00:00,0.018600000000000002,0.02532649903288201,0.3899,0.200291356
2030-10-24 14:00:00,0.0263,0.02193887814313346,0.2722,0.20003871199999998
2030-10-24 15:00:00,0.0455,0.02348220502901354,0.1267,0.19978606899999998
2030-10-24 16:00:00,0.0607,0.03315976789168278,0.0038,0.199533426
2030-10-24 17:00:00,0.04479999999999999,0.0349375241779497,0.0,0.199280782
2030-10-24 18:00:00,0.0389,0.030928820116054155,0.0,0.199028139
2030-10-24 19:00:00,0.0345,0.026058413926499033,0.0,0.19877549600000002
2030-10-24 20:00:00,0.031200000000000002,0.02455918762088975,0.0,0.198522852
2030-10-24 21:00:00,0.030900000000000004,0.020766150870406192,0.0,0.19827020899999998
2030-10-24 22:00:00,0.030399999999999996,0.015511411992263057,0.0,0.198017566
2030-10-24 23:00:00,0.0284,0.012366150870406191,0.0,0.19776492199999998
2030-10-25 00:00:00,0.0238,0.008155899419729207,0.0,0.19751227899999999
2030-10-25 01:00:00,0.0192,0.0044036750483559,0.0,0.197244825
2030-10-25 02:00:00,0.02,0.001658027079303675,0.0,0.19697737199999998
2030-10-25 03:00:00,0.024999999999999998,0.0020193423597678916,0.0,0.19670991899999998
2030-10-25 04:00:00,0.0275,0.003490522243713733,0.0,0.196442465
2030-10-25 05:00:00,0.029700000000000004,0.00655551257253385,0.0002,0.19617501199999998
2030-10-25 06:00:00,0.0283,0.010436557059961316,0.0562,0.195907558
2030-10-25 07:00:00,0.02,0.01125918762088975,0.2166,0.195640105
2030-10-25 08:00:00,0.0246,0.008636557059961317,0.374,0.195372651
2030-10-25 09:00:00,0.017900000000000003,0.004990522243713733,0.4803,0.195105198
2030-10-25 10:00:00,0.015199999999999998,0.0022481624758220503,0.5366,0.19483774399999998
2030-10-25 11:00:00,0.015499999999999998,0.0021678916827852996,0.5338,0.194570291
2030-10-25 12:00:00,0.019,0.004113539651837524,0.4881,0.194302837
2030-10-25 13:00:00,0.0246,0.006371953578336558,0.4076,0.19403538399999998
2030-10-25 14:00:00,0.0308,0.006936557059961316,0.2819,0.193767931
2030-10-25 15:00:00,0.033,0.009817601547388782,0.1245,0.193500477
2030-10-25 16:00:00,0.0393,0.018931334622823984,0.0028,0.19323302399999998
2030-10-25 17:00:00,0.03690000000000001,0.027299806576402318,0.0,0.19296557
2030-10-25 18:00:00,0.04259999999999999,0.030815087040618954,0.0,0.192698117
2030-10-25 19:00:00,0.0662,0.027886266924564796,0.0,0.192430663
2030-10-25 20:00:00,0.1086,0.029222437137330755,0.0,0.19216321
2030-10-25 21:00:00,0.1509,0.03448123791102514,0.0,0.19189575600000003
2030-10-25 22:00:00,0.1518,0.034914506769825916,0.0,0.191628303
2030-10-25 23:00:00,0.1328,0.03344487427466151,0.0,0.19136084899999997
2030-10-26 00:00:00,0.1177,0.03265880077369439,0.0,0.19109339600000003
2030-10-26 01:00:00,0.10900000000000001,0.03498220502901354,0.0,0.190830322
2030-10-26 02:00:00,0.1074,0.03384642166344294,0.0,0.190567248
2030-10-26 03:00:00,0.1083,0.02971895551257253,0.0,0.190304175
2030-10-26 04:00:00,0.1164,0.033494390715667316,0.0,0.19004110100000002
2030-10-26 05:00:00,0.12590000000000004,0.04304468085106383,0.0002,0.189778027
2030-10-26 06:00:00,0.1075,0.05483694390715667,0.0304,0.189514953
2030-10-26 07:00:00,0.0936,0.060390328820116045,0.1048,0.18925188
2030-10-26 08:00:00,0.0889,0.06944119922630561,0.1838,0.188988806
2030-10-26 09:00:00,0.1085,0.09010773694390717,0.2572,0.18872573199999998
2030-10-26 10:00:00,0.1316,0.11742533849129594,0.2929,0.188462658
2030-10-26 11:00:00,0.1365,0.15359671179883944,0.2843,0.18819958399999998
2030-10-26 12:00:00,0.1395,0.18926286266924566,0.2383,0.18793651100000003
2030-10-26 13:00:00,0.1523,0.22185009671179887,0.176,0.187673437
2030-10-26 14:00:00,0.162,0.26532804642166347,0.0984,0.187410363
2030-10-26 15:00:00,0.1415,0.3090212765957447,0.0306,0.187147289
2030-10-26 16:00:00,0.113,0.3471725338491296,0.0002,0.18688421600000002
2030-10-26 17:00:00,0.1056,0.39815299806576404,0.0,0.186621142
2030-10-26 18:00:00,0.12159999999999999,0.4593959381044488,0.0,0.18635806800000002
2030-10-26 19:00:00,0.1543,0.4940976789168279,0.0,0.18609499399999999
2030-10-26 20:00:00,0.2115,0.5012323017408123,0.0,0.18583192
2030-10-26 21:00:00,0.2573,0.5217390715667312,0.0,0.18556884699999998
2030-10-26 22:00:00,0.2693,0.5209369439071567,0.0,0.185305773
2030-10-26 23:00:00,0.4706000000000001,0.5355818181818182,0.0,0.18504269899999998
2030-10-27 00:00:00,0.842,0.5631686653771761,0.0,0.184779625
2030-10-27 01:00:00,0.9214,0.5380851063829788,0.0,0.18460211
2030-10-27 02:00:00,0.8697,0.528894003868472,0.0,0.184424594
2030-10-27 03:00:00,0.7441,0.5186576402321084,0.0,0.18424707899999998
2030-10-27 04:00:00,0.6723,0.4808974854932302,0.0,0.18406956300000002
2030-10-27 05:00:00,0.6454999999999999,0.42339748549323014,0.0,0.183892047
2030-10-27 06:00:00,0.6286,0.3485717601547389,0.0096,0.18371453199999999
2030-10-27 07:00:00,0.6659,0.35133094777562857,0.0554,0.18353701600000003
2030-10-27 08:00:00,0.7546999999999999,0.40079593810444875,0.1119,0.183359501
2030-10-27 09:00:00,0.8021,0.5347268858800773,0.168,0.183181985
2030-10-27 10:00:00,0.7966,0.6317390715667311,0.2174,0.18300446899999998
2030-10-27 11:00:00,0.8197,0.6653733075435204,0.241,0.18282695399999999
2030-10-27 12:00:00,0.8591,0.632956092843327,0.2354,0.182649438
2030-10-27 13:00:00,0.8333,0.5588317214700194,0.1943,0.182471923
2030-10-27 14:00:00,0.7663,0.46589748549323023,0.1303,0.182294407
2030-10-27 15:00:00,0.6579,0.420031334622824,0.0533,0.182116891
2030-10-27 16:00:00,0.6015,0.41447620889748554,0.0011,0.181939376
2030-10-27 17:00:00,0.5075,0.4052431334622824,0.0,0.18176186
2030-10-27 18:00:00,0.44359999999999994,0.359158994197292,0.0,0.181584345
2030-10-27 19:00:00,0.4817,0.2808854932301741,0.0,0.181406829
2030-10-27 20:00:00,0.5247,0.23230038684719537,0.0,0.181229313
2030-10-27 21:00:00,0.5689999999999998,0.22178239845261122,0.0,0.181051798
2030-10-27 22:00:00,0.6286,0.22354100580270791,0.0,0.180874282
2030-10-27 23:00:00,0.7031,0.2247628626692456,0.0,0.18069676699999998
2030-10-28 00:00:00,0.7474,0.20978858800773692,0.0,0.18051925100000002
2030-10-28 01:00:00,0.7458000000000001,0.20245802707930366,0.0,0.18063599800000002
2030-10-28 02:00:00,0.7507999999999999,0.1973535783365571,0.0,0.180752744
2030-10-28 03:00:00,0.7352,0.1953667311411992,0.0,0.18086949100000002
2030-10-28 04:00:00,0.6727000000000001,0.2143771760154739,0.0,0.180986237
2030-10-28 05:00:00,0.5805,0.25423152804642163,0.0,0.181102984
2030-10-28 06:00:00,0.5281,0.30107562862669246,0.0311,0.18121973
2030-10-28 07:00:00,0.519,0.3475413926499033,0.1384,0.181336477
2030-10-28 08:00:00,0.5094999999999998,0.3972992263056093,0.2442,0.181453223
2030-10-28 09:00:00,0.5312,0.42115493230174084,0.3328,0.18156997
2030-10-28 10:00:00,0.5772000000000002,0.4046491295938104,0.3736,0.181686717
2030-10-28 11:00:00,0.6184,0.40748471953578336,0.3705,0.181803463
2030-10-28 12:00:00,0.6564,0.44151141199226307,0.3328,0.18192021
2030-10-28 13:00:00,0.7019999999999998,0.48753056092843333,0.2513,0.18203695600000003
2030-10-28 14:00:00,0.7046,0.5161953578336558,0.1461,0.182153703
2030-10-28 15:00:00,0.6569,0.5325537717601547,0.0505,0.18227044899999997
2030-10-28 16:00:00,0.5416,0.5385431334622824,0.0004,0.182387196
2030-10-28 17:00:00,0.4713,0.5223829787234042,0.0,0.182503943
2030-10-28 18:00:00,0.4439,0.48852301740812387,0.0,0.18262068899999997
2030-10-28 19:00:00,0.4841,0.4091959381044487,0.0,0.182737436
2030-10-28 20:00:00,0.5576,0.31554738878143135,0.0,0.182854182
2030-10-28 21:00:00,0.6040999999999999,0.2521607350096712,0.0,0.18297092899999998
2030-10-28 22:00:00,0.6298,0.21774332688588008,0.0,0.183087675
2030-10-28 23:00:00,0.6153,0.2249270793036751,0.0,0.183204422
2030-10-29 00:00:00,0.5566,0.28369148936170213,0.0,0.183321168
2030-10-29 01:00:00,0.4925,0.3689719535783365,0.0,0.18360064399999998
2030-10-29 02:00:00,0.4582,0.4405928433268858,0.0,0.18388012
2030-10-29 03:00:00,0.4749,0.5030557059961316,0.0,0.184159596
2030-10-29 04:00:00,0.4659,0.5530938104448742,0.0,0.18443907199999998
2030-10-29 05:00:00,0.45520000000000005,0.5700967117988395,0.0,0.18471854699999998
2030-10-29 06:00:00,0.46359999999999996,0.58372417794971,0.0288,0.184998023
2030-10-29 07:00:00,0.5341,0.6364040618955512,0.1446,0.18527749899999998
2030-10-29 08:00:00,0.6921000000000002,0.6762839458413926,0.279,0.185556975
2030-10-29 09:00:00,0.6849000000000001,0.687137330754352,0.3876,0.185836451
2030-10-29 10:00:00,0.6259,0.6867276595744681,0.4469,0.18611592600000001
2030-10-29 11:00:00,0.5684000000000001,0.6835110251450678,0.4613,0.186395402
2030-10-29 12:00:00,0.5118,0.6828477756286266,0.4362,0.18667487800000002
2030-10-29 13:00:00,0.4424,0.6850599613152806,0.3634,0.186954354
2030-10-29 14:00:00,0.3658,0.6710702127659575,0.2578,0.18723383
2030-10-29 15:00:00,0.2497,0.6335336557059962,0.124,0.187513305
2030-10-29 16:00:00,0.1774,0.5938588007736944,0.0026,0.18779278100000002
2030-10-29 17:00:00,0.1369,0.5475429400386848,0.0,0.188072257
2030-10-29 18:00:00,0.0996,0.5117183752417795,0.0,0.18835173300000002
2030-10-29 19:00:00,0.0686,0.50108916827853,0.0,0.188631209
2030-10-29 20:00:00,0.0602,0.49020038684719536,0.0,0.188910684
2030-10-29 21:00:00,0.0575,0.44573984526112187,0.0,0.18919016
2030-10-29 22:00:00,0.0534,0.39373887814313346,0.0,0.18946963600000002
2030-10-29 23:00:00,0.046099999999999995,0.3539793036750484,0.0,0.189749112
2030-10-30 00:00:00,0.036,0.29806924564796905,0.0,0.190028588
2030-10-30 01:00:00,0.0291,0.2487218568665377,0.0,0.190212265
2030-10-30 02:00:00,0.0234,0.2107164410058027,0.0,0.19039594199999998
2030-10-30 03:00:00,0.0189,0.18567388781431332,0.0,0.19057961899999998
2030-10-30 04:00:00,0.0159,0.17551102514506767,0.0,0.19076329600000003
2030-10-30 05:00:00,0.0137,0.164015667311412,0.0001,0.190946974
2030-10-30 06:00:00,0.011,0.13944061895551257,0.0491,0.191130651
2030-10-30 07:00:00,0.0095,0.11128742746615089,0.1907,0.191314328
2030-10-30 08:00:00,0.0071,0.08663500967117987,0.3304,0.191498005
2030-10-30 09:00:00,0.015199999999999998,0.0698129593810445,0.4298,0.19168168300000002
2030-10-30 10:00:00,0.030600000000000002,0.0716907156673114,0.4813,0.19186536
2030-10-30 11:00:00,0.0512,0.07991489361702128,0.4783,0.192049037
2030-10-30 12:00:00,0.0849,0.08515145067698257,0.4318,0.19223271399999997
2030-10-30 13:00:00,0.1169,0.081989748549323,0.3415,0.192416392
2030-10-30 14:00:00,0.11820000000000001,0.06868123791102515,0.2121,0.19260006899999998
2030-10-30 15:00:00,0.0801,0.06300889748549324,0.0851,0.192783746
2030-10-30 16:00:00,0.05450000000000001,0.06496982591876209,0.0008,0.192967423
2030-10-30 17:00:00,0.0375,0.0840137330754352,0.0,0.19315110100000002
2030-10-30 18:00:00,0.033,0.1339717601547389,0.0,0.193334778
2030-10-30 19:00:00,0.0376,0.20665183752417796,0.0,0.193518455
2030-10-30 20:00:00,0.0501,0.26742050290135394,0.0,0.193702132
2030-10-30 21:00:00,0.0652,0.3048907156673114,0.0,0.19388581
2030-10-30 22:00:00,0.0836,0.33435164410058027,0.0,0.19406948699999998
2030-10-30 23:00:00,0.10120000000000001,0.3520015473887814,0.0,0.19425316399999998
2030-10-31 00:00:00,0.1116,0.37986441005802707,0.0,0.19443684100000003
2030-10-31 01:00:00,0.1202,0.4059764023210832,0.0,0.194499487
2030-10-31 02:00:00,0.129,0.44507485493230176,0.0,0.194562133
2030-10-31 03:00:00,0.1451,0.4763756286266924,0.0,0.19462478
2030-10-31 04:00:00,0.15550000000000003,0.4969487427466151,0.0,0.19468742600000002
2030-10-31 05:00:00,0.158,0.5115516441005803,0.0,0.194750072
2030-10-31 06:00:00,0.1596,0.5450893617021277,0.0123,0.194812718
2030-10-31 07:00:00,0.1317,0.5515032882011606,0.072,0.194875364
2030-10-31 08:00:00,0.1152,0.512673500967118,0.1332,0.19493801
2030-10-31 09:00:00,0.20690000000000003,0.5198765957446808,0.1653,0.19500065600000002
2030-10-31 10:00:00,0.3344,0.5589369439071566,0.1716,0.195063302
2030-10-31 11:00:00,0.4237,0.6066346228239845,0.1691,0.19512594800000002
2030-10-31 12:00:00,0.4271,0.6462212765957446,0.1352,0.195188594
2030-10-31 13:00:00,0.3977,0.6796479690522244,0.09,0.19525124
2030-10-31 14:00:00,0.3684,0.6353744680851063,0.0492,0.19531388600000002
2030-10-31 15:00:00,0.3164,0.6184456479690522,0.0146,0.195376532
2030-10-31 16:00:00,0.2315,0.6370234042553192,0.0003,0.19543917800000002
2030-10-31 17:00:00,0.1983,0.6471562862669247,0.0,0.195501824
2030-10-31 18:00:00,0.2875,0.674022243713733,0.0,0.19556447
2030-10-31 19:00:00,0.4586,0.703414506769826,0.0,0.19562711600000002
2030-10-31 20:00:00,0.6286,0.6616243713733075,0.0,0.195689762
2030-10-31 21:00:00,0.6867,0.529426499032882,0.0,0.19575240800000002
2030-10-31 22:00:00,0.6934,0.47333288201160545,0.0,0.195815054
2030-10-31 23:00:00,0.6762999999999999,0.4404586073500967,0.0,0.19587770000000002
2030-11-01 00:00:00,0.7423,0.49135338491295943,0.0,0.19594034600000002
2030-11-01 01:00:00,0.7721000000000001,0.5068381044487428,0.0,0.196106743
2030-11-01 02:00:00,0.7477,0.4598976789168278,0.0,0.19627313899999999
2030-11-01 03:00:00,0.8062999999999999,0.3979448742746615,0.0,0.196439535
2030-11-01 04:00:00,0.8555,0.3811665377176015,0.0,0.196605931
2030-11-01 05:00:00,0.8813000000000001,0.3758036750483559,0.0,0.196772327
2030-11-01 06:00:00,0.8602,0.3619605415860735,0.024,0.196938723
2030-11-01 07:00:00,0.7954,0.40428181818181824,0.1384,0.197105119
2030-11-01 08:00:00,0.7953,0.47622649903288194,0.2906,0.197271515
2030-11-01 09:00:00,0.7489,0.48496208897485493,0.3998,0.197437912
2030-11-01 10:00:00,0.6701,0.4617562862669245,0.4631,0.197604308
2030-11-01 11:00:00,0.6133999999999998,0.439700580270793,0.4833,0.197770704
2030-11-01 12:00:00,0.5613,0.4254241779497099,0.4622,0.1979371
2030-11-01 13:00:00,0.5270999999999999,0.415031914893617,0.3949,0.19810349600000002
2030-11-01 14:00:00,0.49950000000000006,0.39882688588007736,0.2758,0.198269892
2030-11-01 15:00:00,0.43210000000000004,0.3649243713733076,0.1202,0.19843628800000002
2030-11-01 16:00:00,0.3778,0.348825918762089,0.001,0.19860268399999997
2030-11-01 17:00:00,0.344,0.3226205029013539,0.0,0.19876908100000001
2030-11-01 18:00:00,0.3697,0.27614700193423597,0.0,0.198935477
2030-11-01 19:00:00,0.4157,0.21293423597678918,0.0,0.199101873
2030-11-01 20:00:00,0.40509999999999996,0.17000676982591875,0.0,0.199268269
2030-11-01 21:00:00,0.39979999999999993,0.1449926499032882,0.0,0.199434665
2030-11-01 22:00:00,0.4174,0.13861508704061895,0.0,0.19960106100000002
2030-11-01 23:00:00,0.4373,0.14535764023210831,0.0,0.19976745699999998
2030-11-02 00:00:00,0.4747,0.1528978723404255,0.0,0.199933853
2030-11-02 01:00:00,0.4487,0.1582771760154739,0.0,0.20034655699999998
2030-11-02 02:00:00,0.3989,0.1678854932301741,0.0,0.20075926100000002
2030-11-02 03:00:00,0.3865,0.18592611218568664,0.0,0.20117196399999998
2030-11-02 04:00:00,0.35029999999999994,0.21219013539651838,0.0,0.201584668
2030-11-02 05:00:00,0.3202,0.24667292069632496,0.0,0.201997371
2030-11-02 06:00:00,0.2844999999999999,0.28455493230174084,0.035,0.202410075
2030-11-02 07:00:00,0.31329999999999997,0.3427613152804642,0.1631,0.202822778
2030-11-02 08:00:00,0.3609,0.4349661508704062,0.3106,0.203235482
2030-11-02 09:00:00,0.3582,0.4592404255319149,0.435,0.203648186
2030-11-02 10:00:00,0.3539999999999999,0.4383477756286267,0.5084,0.204060889
2030-11-02 11:00:00,0.3463,0.40574622823984524,0.5368,0.204473593
2030-11-02 12:00:00,0.33020000000000005,0.34117117988394585,0.5115,0.20488629600000002
2030-11-02 13:00:00,0.3073000000000001,0.2577164410058027,0.4346,0.20529899999999998
2030-11-02 14:00:00,0.2602,0.19950618955512572,0.3094,0.205711703
2030-11-02 15:00:00,0.20680000000000004,0.19383617021276597,0.1443,0.20612440699999998
2030-11-02 16:00:00,0.21399999999999997,0.23020232108317212,0.0011,0.20653711100000002
2030-11-02 17:00:00,0.2258,0.2643038684719536,0.0,0.20694981399999998
2030-11-02 18:00:00,0.226,0.296290328820116,0.0,0.207362518
2030-11-02 19:00:00,0.2208,0.30803191489361703,0.0,0.207775221
2030-11-02 20:00:00,0.2197,0.2967597678916828,0.0,0.208187925
2030-11-02 21:00:00,0.21099999999999997,0.27412533849129594,0.0,0.208600628
2030-11-02 22:00:00,0.2028,0.25057852998065766,0.0,0.209013332
2030-11-02 23:00:00,0.2059,0.23563326885880076,0.0,0.209426036
2030-11-03 00:00:00,0.2005,0.2166027079303675,0.0,0.209838739
2030-11-03 01:00:00,0.1846,0.18772649903288202,0.0,0.210143257
2030-11-03 02:00:00,0.1623,0.15819303675048355,0.0,0.210447776
2030-11-03 03:00:00,0.1423,0.14206557059961317,0.0,0.21075229399999998
2030-11-03 04:00:00,0.1323,0.1322117988394584,0.0,0.211056813
2030-11-03 05:00:00,0.1311,0.11735996131528047,0.0,0.211361331
2030-11-03 06:00:00,0.1323,0.09978123791102514,0.03,0.211665849
2030-11-03 07:00:00,0.1184,0.07606189555125725,0.1348,0.21197036800000002
2030-11-03 08:00:00,0.181,0.06418317214700194,0.268,0.21227488600000002
2030-11-03 09:00:00,0.1976,0.0657963249516441,0.3607,0.21257940399999997
2030-11-03 10:00:00,0.2125,0.05402185686653771,0.3949,0.212883923
2030-11-03 11:00:00,0.2007,0.056788394584139264,0.3795,0.213188441
2030-11-03 12:00:00,0.1921,0.07794158607350096,0.3315,0.21349296
2030-11-03 13:00:00,0.1985,0.09807079303675048,0.2421,0.213797478
2030-11-03 14:00:00,0.1965,0.09868936170212765,0.1305,0.21410199600000002
2030-11-03 15:00:00,0.16589999999999996,0.10278820116054159,0.039,0.214406515
2030-11-03 16:00:00,0.1442,0.11332011605415862,0.0001,0.214711033
2030-11-03 17:00:00,0.14210000000000003,0.1207943907156673,0.0,0.21501555100000003
2030-11-03 18:00:00,0.1511,0.12496924564796905,0.0,0.21532007
2030-11-03 19:00:00,0.159,0.12482147001934235,0.0,0.215624588
2030-11-03 20:00:00,0.1591,0.11447408123791102,0.0,0.21592910699999998
2030-11-03 21:00:00,0.1623,0.11055261121856867,0.0,0.216233625
2030-11-03 22:00:00,0.17720000000000002,0.10904139264990328,0.0,0.21653814300000002
2030-11-03 23:00:00,0.1983,0.11435764023210832,0.0,0.216842662
2030-11-04 00:00:00,0.2086,0.11354719535783366,0.0,0.21714718
2030-11-04 01:00:00,0.2278,0.11833675048355899,0.0,0.217353255
2030-11-04 02:00:00,0.24810000000000001,0.13661528046421664,0.0,0.217559329
2030-11-04 03:00:00,0.26089999999999997,0.15313346228239846,0.0,0.217765404
2030-11-04 04:00:00,0.2886000000000001,0.16673636363636365,0.0,0.217971478
2030-11-04 05:00:00,0.283,0.17662166344294003,0.0,0.218177553
2030-11-04 06:00:00,0.2511,0.19217891682785296,0.022,0.218383628
2030-11-04 07:00:00,0.2718999999999999,0.21774274661508705,0.1032,0.218589702
2030-11-04 08:00:00,0.4309,0.23670541586073499,0.1892,0.218795777
2030-11-04 09:00:00,0.426,0.2585943907156673,0.2497,0.21900185100000003
2030-11-04 10:00:00,0.39820000000000005,0.27521876208897483,0.2814,0.21920792600000003
2030-11-04 11:00:00,0.3884,0.27987678916827846,0.2783,0.21941400100000003
2030-11-04 12:00:00,0.3943,0.2770038684719536,0.2391,0.219620075
2030-11-04 13:00:00,0.38149999999999995,0.26302804642166344,0.178,0.21982615
2030-11-04 14:00:00,0.3058,0.24216750483558994,0.1055,0.220032224
2030-11-04 15:00:00,0.2357,0.23361315280464215,0.0314,0.220238299
2030-11-04 16:00:00,0.25209999999999994,0.25511141199226306,0.0001,0.220444373
2030-11-04 17:00:00,0.2691,0.2836928433268859,0.0,0.220650448
2030-11-04 18:00:00,0.3225,0.3057386847195358,0.0,0.220856523
2030-11-04 19:00:00,0.4192,0.31635048355899414,0.0,0.221062597
2030-11-04 20:00:00,0.4943,0.33378046421663443,0.0,0.221268672
2030-11-04 21:00:00,0.5827,0.35239323017408125,0.0,0.22147474600000003
2030-11-04 22:00:00,0.6124,0.372541586073501,0.0,0.22168082100000003
2030-11-04 23:00:00,0.6329,0.38945976789168274,0.0,0.22188689600000003
2030-11-05 00:00:00,0.6415999999999998,0.3912553191489362,0.0,0.22209297
2030-11-05 01:00:00,0.647,0.373852998065764,0.0,0.222799976
2030-11-05 02:00:00,0.6533999999999999,0.352362669245648,0.0,0.22350698100000002
2030-11-05 03:00:00,0.6547000000000001,0.3509058027079303,0.0,0.224213986
2030-11-05 04:00:00,0.6609,0.34377272727272723,0.0,0.224920992
2030-11-05 05:00:00,0.6665,0.3296676982591877,0.0,0.225627997
2030-11-05 06:00:00,0.6602,0.3111647969052225,0.0134,0.22633500199999998
2030-11-05 07:00:00,0.6392,0.30353907156673116,0.1052,0.22704200800000002
2030-11-05 08:00:00,0.6635,0.32022379110251453,0.234,0.227749013
2030-11-05 09:00:00,0.7436,0.34789090909090903,0.3542,0.228456018
2030-11-05 10:00:00,0.799,0.35770657640232106,0.4248,0.229163024
2030-11-05 11:00:00,0.8249,0.3511622823984526,0.4448,0.22987002899999998
2030-11-05 12:00:00,0.8156,0.3382504835589942,0.4206,0.230577034
2030-11-05 13:00:00,0.7863999999999999,0.32018471953578337,0.3554,0.23128404
2030-11-05 14:00:00,0.7308999999999999,0.3036553191489361,0.2498,0.231991045
2030-11-05 15:00:00,0.5765,0.29270618955512573,0.1109,0.23269805
2030-11-05 16:00:00,0.5644,0.3116818181818182,0.0006,0.23340505600000003
2030-11-05 17:00:00,0.49090000000000006,0.3330088974854932,0.0,0.234112061
2030-11-05 18:00:00,0.4128,0.3440649903288201,0.0,0.23481906600000002
2030-11-05 19:00:00,0.372,0.3502744680851063,0.0,0.235526072
2030-11-05 20:00:00,0.3414,0.36227543520309474,0.0,0.23623307699999999
2030-11-05 21:00:00,0.3297999999999999,0.35414506769825915,0.0,0.236940082
2030-11-05 22:00:00,0.3269,0.3547050290135397,0.0,0.237647088
2030-11-05 23:00:00,0.3278,0.3411423597678917,0.0,0.23835409300000002
2030-11-06 00:00:00,0.3187,0.317425918762089,0.0,0.239061098
2030-11-06 01:00:00,0.3082,0.28980116054158606,0.0,0.24037104199999998
2030-11-06 02:00:00,0.2787,0.27144526112185685,0.0,0.24168098600000001
2030-11-06 03:00:00,0.25939999999999996,0.24503829787234038,0.0,0.24299093
2030-11-06 04:00:00,0.239,0.2255301740812379,0.0,0.244300873
2030-11-06 05:00:00,0.2267,0.2135661508704062,0.0,0.24561081699999998
2030-11-06 06:00:00,0.2239,0.19359497098646034,0.0188,0.24692076100000002
2030-11-06 07:00:00,0.2167,0.16741837524177947,0.1066,0.248230705
2030-11-06 08:00:00,0.30950000000000005,0.17440000000000003,0.2322,0.249540648
2030-11-06 09:00:00,0.3207,0.16897292069632497,0.3418,0.250850592
2030-11-06 10:00:00,0.3295,0.15776827852998065,0.4067,0.252160536
2030-11-06 11:00:00,0.3358,0.17000096711798837,0.4143,0.25347048
2030-11-06 12:00:00,0.3379,0.20194816247582206,0.3669,0.254780424
2030-11-06 13:00:00,0.3559,0.2464071566731141,0.294,0.256090367
2030-11-06 14:00:00,0.3567,0.2641323017408124,0.1815,0.257400311
2030-11-06 15:00:00,0.29,0.24066750483558993,0.0632,0.258710255
2030-11-06 16:00:00,0.2557,0.23665087040618954,0.0001,0.260020199
2030-11-06 17:00:00,0.2601,0.21642243713733075,0.0,0.261330143
2030-11-06 18:00:00,0.2422,0.1823570599613153,0.0,0.262640086
2030-11-06 19:00:00,0.2128,0.15522533849129594,0.0,0.26395003
2030-11-06 20:00:00,0.2336,0.12571470019342357,0.0,0.265259974
2030-11-06 21:00:00,0.2528,0.10301798839458413,0.0,0.266569918
2030-11-06 22:00:00,0.24419999999999997,0.09330599613152804,0.0,0.26787986199999997
2030-11-06 23:00:00,0.2421,0.08600909090909091,0.0,0.269189805
2030-11-07 00:00:00,0.24090000000000003,0.08045628626692457,0.0,0.270499749
2030-11-07 01:00:00,0.2219,0.09603675048355899,0.0,0.27115440399999996
2030-11-07 02:00:00,0.2056,0.150431334622824,0.0,0.27180905899999996
2030-11-07 03:00:00,0.1674,0.21980502901353965,0.0,0.27246371399999997
2030-11-07 04:00:00,0.1487,0.2463887814313346,0.0,0.27311836899999997
2030-11-07 05:00:00,0.131,0.2506990328820116,0.0,0.273773025
2030-11-07 06:00:00,0.10169999999999998,0.24463268858800774,0.021,0.27442768
2030-11-07 07:00:00,0.0809,0.21611237911025144,0.161,0.275082335
2030-11-07 08:00:00,0.12370000000000002,0.1970112185686654,0.3198,0.27573699
2030-11-07 09:00:00,0.128,0.16972707930367506,0.4271,0.276391645
2030-11-07 10:00:00,0.1489,0.16334332688588007,0.4748,0.27704629999999997
2030-11-07 11:00:00,0.1824,0.190531914893617,0.4814,0.277700955
2030-11-07 12:00:00,0.233,0.23392591876208899,0.4532,0.27835561
2030-11-07 13:00:00,0.3083,0.2715957446808511,0.3895,0.279010265
2030-11-07 14:00:00,0.3602,0.27806382978723404,0.2791,0.27966492
2030-11-07 15:00:00,0.3479,0.28076170212765955,0.1262,0.280319576
2030-11-07 16:00:00,0.3341,0.31237620889748546,0.0004,0.280974231
2030-11-07 17:00:00,0.2996,0.3505802707930367,0.0,0.281628886
2030-11-07 18:00:00,0.29919999999999997,0.3680462282398453,0.0,0.282283541
2030-11-07 19:00:00,0.30950000000000005,0.3577133462282399,0.0,0.28293819600000003
2030-11-07 20:00:00,0.30959999999999993,0.3319061895551257,0.0,0.28359285100000003
2030-11-07 21:00:00,0.2955,0.2937551257253385,0.0,0.28424750600000004
2030-11-07 22:00:00,0.2894,0.24173094777562867,0.0,0.28490216100000004
2030-11-07 23:00:00,0.27059999999999995,0.21175841392649902,0.0,0.285556816
2030-11-08 00:00:00,0.2535,0.1946166344294004,0.0,0.286211471
2030-11-08 01:00:00,0.23970000000000002,0.18587640232108318,0.0,0.286396321
2030-11-08 02:00:00,0.2209,0.18227234042553192,0.0,0.28658117
2030-11-08 03:00:00,0.1869,0.18127562862669244,0.0,0.28676602
2030-11-08 04:00:00,0.1575,0.1720872340425532,0.0,0.286950869
2030-11-08 05:00:00,0.1263,0.15962978723404256,0.0,0.287135718
2030-11-08 06:00:00,0.0888,0.1394382978723404,0.0406,0.287320568
2030-11-08 07:00:00,0.0576,0.1086394584139265,0.1874,0.287505417
2030-11-08 08:00:00,0.0924,0.0832560928433269,0.322,0.287690267
2030-11-08 09:00:00,0.0642,0.055571566731141206,0.4164,0.28787511600000004
2030-11-08 10:00:00,0.0427,0.0355009671179884,0.4692,0.288059965
2030-11-08 11:00:00,0.0292,0.024431914893617023,0.4959,0.288244815
2030-11-08 12:00:00,0.022399999999999996,0.022596518375241778,0.4768,0.288429664
2030-11-08 13:00:00,0.0228,0.03322727272727273,0.4036,0.288614513
2030-11-08 14:00:00,0.0217,0.048581431334622824,0.2762,0.28879936300000003
2030-11-08 15:00:00,0.018699999999999998,0.061489941972920695,0.1027,0.288984212
2030-11-08 16:00:00,0.0106,0.06960386847195357,0.0002,0.289169062
2030-11-08 17:00:00,0.0059,0.061785106382978724,0.0,0.289353911
2030-11-08 18:00:00,0.0096,0.055905222437137324,0.0,0.28953876
2030-11-08 19:00:00,0.022399999999999996,0.059478529980657634,0.0,0.28972361
2030-11-08 20:00:00,0.0472,0.06445744680851064,0.0,0.289908459
2030-11-08 21:00:00,0.08019999999999998,0.06511682785299806,0.0,0.29009330899999997
2030-11-08 22:00:00,0.11809999999999998,0.06949071566731141,0.0,0.290278158
2030-11-08 23:00:00,0.1491,0.07916769825918762,0.0,0.290463007
2030-11-09 00:00:00,0.16039999999999996,0.08323017408123792,0.0,0.290647857
2030-11-09 01:00:00,0.1801,0.07999284332688587,0.0,0.290629483
2030-11-09 02:00:00,0.21460000000000004,0.07597137330754353,0.0,0.290611109
2030-11-09 03:00:00,0.2221,0.07734177949709864,0.0,0.290592735
2030-11-09 04:00:00,0.20729999999999998,0.08196499032882011,0.0,0.29057436
2030-11-09 05:00:00,0.1916,0.08333133462282398,0.0,0.290555986
2030-11-09 06:00:00,0.1691,0.08114932301740813,0.0294,0.290537612
2030-11-09 07:00:00,0.11589999999999999,0.06613636363636363,0.1666,0.290519238
2030-11-09 08:00:00,0.1392,0.06260851063829787,0.3106,0.29050086399999997
2030-11-09 09:00:00,0.10169999999999998,0.06873346228239845,0.4181,0.29048249
2030-11-09 10:00:00,0.0815,0.061823210831721466,0.4874,0.290464116
2030-11-09 11:00:00,0.07330000000000002,0.05517775628626692,0.5085,0.290445742
2030-11-09 12:00:00,0.0648,0.04812166344294004,0.4821,0.290427368
2030-11-09 13:00:00,0.0527,0.043333462282398455,0.3974,0.290408994
2030-11-09 14:00:00,0.0423,0.047197098646034816,0.2502,0.29039062
2030-11-09 15:00:00,0.039700000000000006,0.06472282398452611,0.0773,0.290372246
2030-11-09 16:00:00,0.0411,0.07960909090909092,0.0001,0.290353872
2030-11-09 17:00:00,0.03269999999999999,0.07476963249516441,0.0,0.290335498
2030-11-09 18:00:00,0.0291,0.06528742746615086,0.0,0.290317124
2030-11-09 19:00:00,0.0203,0.05949825918762089,0.0,0.29029875
2030-11-09 20:00:00,0.0185,0.05516344294003869,0.0,0.290280375
2030-11-09 21:00:00,0.0183,0.04691295938104449,0.0,0.290262001
2030-11-09 22:00:00,0.0154,0.038076402321083176,0.0,0.290243627
2030-11-09 23:00:00,0.0173,0.03313152804642166,0.0,0.290225253
2030-11-10 00:00:00,0.0246,0.03515203094777563,0.0,0.290206879
2030-11-10 01:00:00,0.0286,0.046915280464216634,0.0,0.290093467
2030-11-10 02:00:00,0.0288,0.05874526112185687,0.0,0.289980055
2030-11-10 03:00:00,0.0288,0.07458027079303675,0.0,0.289866642
2030-11-10 04:00:00,0.0301,0.09170096711798839,0.0,0.28975323
2030-11-10 05:00:00,0.0342,0.09102030947775629,0.0,0.289639818
2030-11-10 06:00:00,0.0422,0.08845725338491296,0.0166,0.289526405
2030-11-10 07:00:00,0.0396,0.08254951644100579,0.0817,0.289412993
2030-11-10 08:00:00,0.031200000000000002,0.09664603481624758,0.1611,0.28929958100000003
2030-11-10 09:00:00,0.0504,0.10973326885880078,0.2332,0.289186169
2030-11-10 10:00:00,0.067,0.12150290135396519,0.2939,0.28907275600000004
2030-11-10 11:00:00,0.0847,0.12638181818181815,0.3124,0.288959344
2030-11-10 12:00:00,0.0857,0.131657833655706,0.2854,0.28884593199999997
2030-11-10 13:00:00,0.07479999999999999,0.14020502901353965,0.2246,0.28873251899999997
2030-11-10 14:00:00,0.0657,0.15108955512572533,0.1361,0.288619107
2030-11-10 15:00:00,0.06079999999999999,0.16932495164410058,0.0325,0.288505695
2030-11-10 16:00:00,0.08019999999999998,0.2106164410058027,0.0,0.288392282
2030-11-10 17:00:00,0.10549999999999998,0.25083578336557066,0.0,0.28827887
2030-11-10 18:00:00,0.1393,0.27416266924564797,0.0,0.288165458
2030-11-10 19:00:00,0.18170000000000003,0.29371044487427467,0.0,0.288052045
2030-11-10 20:00:00,0.2252,0.33022166344294,0.0,0.287938633
2030-11-10 21:00:00,0.2626,0.38204661508704063,0.0,0.287825221
2030-11-10 22:00:00,0.2986,0.4185642166344295,0.0,0.287711809
2030-11-10 23:00:00,0.3321,0.4350121856866538,0.0,0.28759839600000003
2030-11-11 00:00:00,0.3472,0.44317485493230174,0.0,0.287484984
2030-11-11 01:00:00,0.3456000000000001,0.4794489361702128,0.0,0.288169022
2030-11-11 02:00:00,0.33170000000000005,0.5033214700193425,0.0,0.28885305899999997
2030-11-11 03:00:00,0.2981,0.5048,0.0,0.28953709699999997
2030-11-11 04:00:00,0.2603,0.5117255319148936,0.0,0.290221135
2030-11-11 05:00:00,0.23909999999999998,0.5239953578336557,0.0,0.290905173
2030-11-11 06:00:00,0.23650000000000002,0.5371189555125725,0.0063,0.29158921
2030-11-11 07:00:00,0.2071,0.5516288201160542,0.0447,0.292273248
2030-11-11 08:00:00,0.2603,0.694115087040619,0.1103,0.29295728600000004
2030-11-11 09:00:00,0.39970000000000006,0.7274125725338492,0.1847,0.293641324
2030-11-11 10:00:00,0.4652,0.7389232108317215,0.2346,0.294325362
2030-11-11 11:00:00,0.434,0.7353375241779497,0.2644,0.295009399
2030-11-11 12:00:00,0.3692,0.7266646034816249,0.2564,0.295693437
2030-11-11 13:00:00,0.307,0.7187315280464216,0.2047,0.296377475
2030-11-11 14:00:00,0.2389,0.6961187620889749,0.1209,0.297061513
2030-11-11 15:00:00,0.1536,0.6594079303675049,0.0325,0.29774555
2030-11-11 16:00:00,0.1185,0.6362636363636363,0.0,0.298429588
2030-11-11 17:00:00,0.1175,0.5916823984526112,0.0,0.299113626
2030-11-11 18:00:00,0.1154,0.5610143133462283,0.0,0.29979766399999996
2030-11-11 19:00:00,0.10730000000000002,0.5409013539651838,0.0,0.300481701
2030-11-11 20:00:00,0.10169999999999998,0.5262104448742747,0.0,0.301165739
2030-11-11 21:00:00,0.1098,0.5201771760154739,0.0,0.301849777
2030-11-11 22:00:00,0.1299,0.5223930367504835,0.0,0.302533815
2030-11-11 23:00:00,0.1379,0.5130218568665377,0.0,0.303217852
2030-11-12 00:00:00,0.1295,0.4964721470019342,0.0,0.30390189
2030-11-12 01:00:00,0.1262,0.4759804642166344,0.0,0.307375142
2030-11-12 02:00:00,0.1258,0.43994603481624756,0.0,0.310848394
2030-11-12 03:00:00,0.1372,0.4278005802707931,0.0,0.314321646
2030-11-12 04:00:00,0.1394,0.4140655705996132,0.0,0.31779489699999997
2030-11-12 05:00:00,0.1428,0.42055029013539647,0.0,0.321268149
2030-11-12 06:00:00,0.156,0.41344506769825917,0.0028,0.32474140100000004
2030-11-12 07:00:00,0.1279,0.3709013539651838,0.0408,0.328214653
2030-11-12 08:00:00,0.0828,0.3780133462282399,0.1013,0.331687905
2030-11-12 09:00:00,0.06649999999999999,0.41628201160541584,0.1582,0.335161156
2030-11-12 10:00:00,0.0465,0.4493098646034816,0.1915,0.338634408
2030-11-12 11:00:00,0.0301,0.46615841392649904,0.211,0.34210766
2030-11-12 12:00:00,0.0218,0.4781181818181819,0.2113,0.345580912
2030-11-12 13:00:00,0.0171,0.4850388781431335,0.1693,0.349054164
2030-11-12 14:00:00,0.0136,0.47765280464216636,0.1067,0.352527415
2030-11-12 15:00:00,0.0141,0.4603137330754352,0.0345,0.35600066700000005
2030-11-12 16:00:00,0.0101,0.4480765957446809,0.0,0.359473919
2030-11-12 17:00:00,0.0052,0.41851276595744685,0.0,0.362947171
2030-11-12 18:00:00,0.0049,0.3782001934235976,0.0,0.366420423
2030-11-12 19:00:00,0.0058,0.3451406189555125,0.0,0.369893674
2030-11-12 20:00:00,0.0052,0.3250574468085107,0.0,0.373366926
2030-11-12 21:00:00,0.0026,0.29916402321083174,0.0,0.37684017799999997
2030-11-12 22:00:00,0.0021000000000000003,0.27362823984526113,0.0,0.38031343
2030-11-12 23:00:00,0.0043,0.27347794970986455,0.0,0.38378668200000005
2030-11-13 00:00:00,0.0082,0.2841119922630561,0.0,0.38725993299999995
2030-11-13 01:00:00,0.015499999999999998,0.29276054158607356,0.0,0.389725305
2030-11-13 02:00:00,0.0288,0.29692630560928435,0.0,0.392190676
2030-11-13 03:00:00,0.0411,0.2995280464216635,0.0,0.394656047
2030-11-13 04:00:00,0.0468,0.3047984526112186,0.0,0.39712141799999995
2030-11-13 05:00:00,0.0455,0.31083036750483556,0.0,0.39958679
2030-11-13 06:00:00,0.0544,0.2924589941972921,0.0099,0.402052161
2030-11-13 07:00:00,0.049600000000000005,0.27795957446808517,0.0845,0.404517532
2030-11-13 08:00:00,0.0909,0.3086309477756286,0.1912,0.40698290299999995
2030-11-13 09:00:00,0.1449,0.3147158607350097,0.2861,0.409448274
2030-11-13 10:00:00,0.1741,0.324994584139265,0.3488,0.411913646
2030-11-13 11:00:00,0.1827,0.3334431334622824,0.3588,0.414379017
2030-11-13 12:00:00,0.1808,0.3426684719535783,0.3293,0.41684438799999995
2030-11-13 13:00:00,0.1652,0.3520967117988395,0.26,0.419309759
2030-11-13 14:00:00,0.1415,0.36205009671179883,0.1531,0.421775131
2030-11-13 15:00:00,0.1201,0.36819284332688584,0.0414,0.424240502
2030-11-13 16:00:00,0.1132,0.384473500967118,0.0,0.42670587299999996
2030-11-13 17:00:00,0.1089,0.4068673114119923,0.0,0.429171244
2030-11-13 18:00:00,0.10549999999999998,0.40040947775628627,0.0,0.43163661600000003
2030-11-13 19:00:00,0.1016,0.40413172147001936,0.0,0.434101987
2030-11-13 20:00:00,0.0964,0.41830367504835586,0.0,0.43656735799999996
2030-11-13 21:00:00,0.1075,0.4235007736943907,0.0,0.439032729
2030-11-13 22:00:00,0.1416,0.41073520309477757,0.0,0.44149810100000003
2030-11-13 23:00:00,0.1807,0.4000833655705996,0.0,0.443963472
2030-11-14 00:00:00,0.1946,0.37867582205029016,0.0,0.44642884299999996
2030-11-14 01:00:00,0.2169,0.36206034816247584,0.0,0.44751386299999996
2030-11-14 02:00:00,0.2241,0.3654769825918762,0.0,0.44859888299999995
2030-11-14 03:00:00,0.22729999999999997,0.35883462282398454,0.0,0.449683903
2030-11-14 04:00:00,0.2366,0.3574866537717602,0.0,0.450768923
2030-11-14 05:00:00,0.2249,0.3536719535783366,0.0,0.451853943
2030-11-14 06:00:00,0.1802,0.3484864603481625,0.0106,0.45293896299999997
2030-11-14 07:00:00,0.1584,0.3309930367504836,0.1008,0.45402398299999996
2030-11-14 08:00:00,0.1361,0.3953435203094777,0.2287,0.45510900299999996
2030-11-14 09:00:00,0.1115,0.4107257253384913,0.3424,0.45619402200000003
2030-11-14 10:00:00,0.0945,0.4204613152804642,0.4156,0.457279042
2030-11-14 11:00:00,0.091,0.42872166344294005,0.4332,0.458364062
2030-11-14 12:00:00,0.0982,0.4431878143133462,0.3913,0.459449082
2030-11-14 13:00:00,0.10809999999999999,0.45234951644100574,0.3054,0.46053410200000006
2030-11-14 14:00:00,0.11479999999999999,0.4444261121856866,0.1841,0.46161912200000005
2030-11-14 15:00:00,0.1217,0.39326537717601545,0.0474,0.46270414200000004
2030-11-14 16:00:00,0.121,0.34861218568665375,0.0,0.46378916200000003
2030-11-14 17:00:00,0.1085,0.31986692456479693,0.0,0.464874182
2030-11-14 18:00:00,0.10049999999999999,0.3232121856866538,0.0,0.465959202
2030-11-14 19:00:00,0.1026,0.2578164410058027,0.0,0.467044222
2030-11-14 20:00:00,0.1035,0.24142630560928435,0.0,0.46812924200000006
2030-11-14 21:00:00,0.0918,0.2640145067698259,0.0,0.46921426200000005
2030-11-14 22:00:00,0.077,0.301221083172147,0.0,0.47029928200000004
2030-11-14 23:00:00,0.0708,0.32672765957446814,0.0,0.47138430200000003
2030-11-15 00:00:00,0.0837,0.34409748549323016,0.0,0.472469322
2030-11-15 01:00:00,0.10699999999999998,0.3273264990328821,0.0,0.472645142
2030-11-15 02:00:00,0.12150000000000001,0.3045733075435203,0.0,0.472820963
2030-11-15 03:00:00,0.12250000000000001,0.246441586073501,0.0,0.472996784
2030-11-15 04:00:00,0.1116,0.23087949709864602,0.0,0.473172605
2030-11-15 05:00:00,0.0997,0.22948027079303676,0.0,0.473348425
2030-11-15 06:00:00,0.0828,0.2230326885880077,0.0049,0.47352424600000004
2030-11-15 07:00:00,0.0803,0.20047717601547388,0.0914,0.473700067
2030-11-15 08:00:00,0.0838,0.22976963249516444,0.2165,0.47387588799999997
2030-11-15 09:00:00,0.0764,0.23338704061895552,0.3166,0.47405170799999996
2030-11-15 10:00:00,0.0776,0.20840096711798836,0.3656,0.474227529
2030-11-15 11:00:00,0.0822,0.17518007736943908,0.3796,0.47440335
2030-11-15 12:00:00,0.1027,0.14443907156673116,0.3497,0.474579171
2030-11-15 13:00:00,0.13519999999999996,0.1301970986460348,0.282,0.474754991
2030-11-15 14:00:00,0.1841,0.12981876208897486,0.1819,0.47493081200000004
2030-11-15 15:00:00,0.19170000000000004,0.16041760154738877,0.0579,0.47510663299999994
2030-11-15 16:00:00,0.1638,0.21262823984526114,0.0,0.47528245399999997
2030-11-15 17:00:00,0.1712,0.2484760154738878,0.0,0.47545827399999996
2030-11-15 18:00:00,0.1747,0.26049767891682785,0.0,0.475634095
2030-11-15 19:00:00,0.163,0.2609779497098646,0.0,0.475809916
2030-11-15 20:00:00,0.1368,0.25609206963249515,0.0,0.475985737
2030-11-15 21:00:00,0.1337,0.23768781431334624,0.0,0.476161557
2030-11-15 22:00:00,0.14479999999999998,0.22629864603481625,0.0,0.476337378
2030-11-15 23:00:00,0.1578,0.22033578336557064,0.0,0.476513199
2030-11-16 00:00:00,0.18280000000000002,0.21942263056092845,0.0,0.47668902
2030-11-16 01:00:00,0.1937,0.21595725338491298,0.0,0.476365969
2030-11-16 02:00:00,0.2017,0.20576557059961317,0.0,0.476042918
2030-11-16 03:00:00,0.22650000000000003,0.204362669245648,0.0,0.475719867
2030-11-16 04:00:00,0.2483,0.20685067698259188,0.0,0.475396816
2030-11-16 05:00:00,0.2644,0.2091090909090909,0.0,0.475073766
2030-11-16 06:00:00,0.2753,0.2098733075435203,0.0058,0.474750715
2030-11-16 07:00:00,0.2987,0.183210251450677,0.1024,0.47442766399999997
2030-11-16 08:00:00,0.3924,0.16414912959381042,0.2362,0.47410461299999995
2030-11-16 09:00:00,0.3733,0.15214603481624758,0.3373,0.47378156200000004
2030-11-16 10:00:00,0.2893,0.12927620889748548,0.4065,0.473458511
2030-11-16 11:00:00,0.2506,0.10390560928433269,0.4314,0.47313546100000003
2030-11-16 12:00:00,0.2366,0.10157059961315282,0.4021,0.47281241
2030-11-16 13:00:00,0.24460000000000007,0.11715435203094779,0.3307,0.472489359
2030-11-16 14:00:00,0.247,0.1417458413926499,0.2126,0.472166308
2030-11-16 15:00:00,0.2019,0.17599980657640232,0.0623,0.471843257
2030-11-16 16:00:00,0.19580000000000003,0.20528839458413928,0.0,0.471520206
2030-11-16 17:00:00,0.1888,0.2326806576402321,0.0,0.471197156
2030-11-16 18:00:00,0.1602,0.23575009671179883,0.0,0.470874105
2030-11-16 19:00:00,0.1302,0.22702707930367505,0.0,0.47055105399999997
2030-11-16 20:00:00,0.113,0.20903752417794974,0.0,0.47022800299999995
2030-11-16 21:00:00,0.088,0.18256615087040617,0.0,0.46990495200000004
2030-11-16 22:00:00,0.08849999999999998,0.15411740812379113,0.0,0.469581901
2030-11-16 23:00:00,0.07830000000000001,0.1348442940038685,0.0,0.46925885100000003
2030-11-17 00:00:00,0.0707,0.12233617021276597,0.0,0.4689358
2030-11-17 01:00:00,0.0645,0.11591199226305611,0.0,0.468335633
2030-11-17 02:00:00,0.0549,0.11519187620889748,0.0,0.467735467
2030-11-17 03:00:00,0.059,0.11770135396518375,0.0,0.46713530000000003
2030-11-17 04:00:00,0.0547,0.11897582205029014,0.0,0.46653513399999996
2030-11-17 05:00:00,0.0576,0.11643752417794971,0.0,0.46593496700000003
2030-11-17 06:00:00,0.0619,0.10918897485493229,0.0059,0.465334801
2030-11-17 07:00:00,0.06149999999999999,0.08506402321083172,0.0943,0.464734634
2030-11-17 08:00:00,0.0777,0.061174854932301743,0.2197,0.46413446799999997
2030-11-17 09:00:00,0.1032,0.03724371373307543,0.3277,0.46353430100000004
2030-11-17 10:00:00,0.1128,0.026116634429400386,0.4,0.462934135
2030-11-17 11:00:00,0.11710000000000001,0.02440019342359768,0.4162,0.462333968
2030-11-17 12:00:00,0.1079,0.0321458413926499,0.3788,0.461733802
2030-11-17 13:00:00,0.08050000000000002,0.04827214700193423,0.2904,0.461133635
2030-11-17 14:00:00,0.0477,0.0542504835589942,0.1773,0.460533469
2030-11-17 15:00:00,0.0499,0.0587357833655706,0.0452,0.45993330200000004
2030-11-17 16:00:00,0.0845,0.06289381044487427,0.0,0.45933313600000003
2030-11-17 17:00:00,0.1218,0.05796750483558994,0.0,0.458732969
2030-11-17 18:00:00,0.1582,0.04772804642166344,0.0,0.458132803
2030-11-17 19:00:00,0.1859,0.045641586073500974,0.0,0.457532636
2030-11-17 20:00:00,0.1949,0.04552882011605416,0.0,0.45693247
2030-11-17 21:00:00,0.1546,0.046072533849129585,0.0,0.456332303
2030-11-17 22:00:00,0.1457,0.04750232108317214,0.0,0.45573213700000004
2030-11-17 23:00:00,0.1349,0.05132920696324951,0.0,0.45513197
2030-11-18 00:00:00,0.1058,0.05735106382978723,0.0,0.454531804
2030-11-18 01:00:00,0.0943,0.06250290135396519,0.0,0.453787813
2030-11-18 02:00:00,0.0937,0.06860038684719535,0.0,0.45304382200000004
2030-11-18 03:00:00,0.1014,0.08177852998065763,0.0,0.45229983
2030-11-18 04:00:00,0.1254,0.09743404255319149,0.0,0.45155583899999996
2030-11-18 05:00:00,0.12,0.11607794970986461,0.0,0.45081184799999996
2030-11-18 06:00:00,0.12399999999999999,0.13560986460348162,0.0019,0.450067857
2030-11-18 07:00:00,0.12230000000000003,0.15640058027079304,0.0301,0.449323866
2030-11-18 08:00:00,0.10809999999999999,0.20593094777562862,0.0783,0.448579875
2030-11-18 09:00:00,0.115,0.24584410058027079,0.1256,0.44783588399999996
2030-11-18 10:00:00,0.1317,0.22664758220502904,0.1626,0.44709189299999996
2030-11-18 11:00:00,0.1299,0.19028297872340427,0.1723,0.446347902
2030-11-18 12:00:00,0.1059,0.18748723404255319,0.154,0.445603911
2030-11-18 13:00:00,0.0729,0.21193520309477756,0.1136,0.44485992
2030-11-18 14:00:00,0.055,0.17247311411992264,0.0617,0.44411592899999996
2030-11-18 15:00:00,0.0527,0.1568249516441006,0.0141,0.44337193799999997
2030-11-18 16:00:00,0.0389,0.1529239845261122,0.0,0.442627947
2030-11-18 17:00:00,0.0351,0.16618936170212767,0.0,0.441883956
2030-11-18 18:00:00,0.0324,0.18801005802707932,0.0,0.441139965
2030-11-18 19:00:00,0.0305,0.23207659574468087,0.0,0.44039597399999997
2030-11-18 20:00:00,0.030300000000000004,0.29584661508704063,0.0,0.43965198299999997
2030-11-18 21:00:00,0.033,0.33675357833655706,0.0,0.438907992
2030-11-18 22:00:00,0.032,0.3600359767891683,0.0,0.438164001
2030-11-18 23:00:00,0.0316,0.34400638297872344,0.0,0.437420009
2030-11-19 00:00:00,0.031099999999999992,0.29129806576402323,0.0,0.43667601799999994
2030-11-19 01:00:00,0.0267,0.22729148936170213,0.0,0.43588316200000005
2030-11-19 02:00:00,0.022300000000000004,0.16968858800773692,0.0,0.435090305
2030-11-19 03:00:00,0.0183,0.13702456479690525,0.0,0.434297449
2030-11-19 04:00:00,0.0166,0.12592127659574467,0.0,0.433504592
2030-11-19 05:00:00,0.014899999999999998,0.11160599613152805,0.0,0.432711736
2030-11-19 06:00:00,0.015499999999999998,0.09489497098646034,0.0027,0.431918879
2030-11-19 07:00:00,0.0134,0.06519323017408124,0.0412,0.43112602299999997
2030-11-19 08:00:00,0.015499999999999998,0.05571353965183753,0.1129,0.430333166
2030-11-19 09:00:00,0.0104,0.05241528046421663,0.1751,0.42954031
2030-11-19 10:00:00,0.006200000000000001,0.05526653771760155,0.2129,0.42874745299999995
2030-11-19 11:00:00,0.0063,0.06098510638297873,0.2104,0.427954596
2030-11-19 12:00:00,0.013900000000000001,0.06946557059961316,0.1808,0.42716174
2030-11-19 13:00:00,0.03230000000000001,0.08030135396518374,0.1351,0.426368883
2030-11-19 14:00:00,0.0482,0.09666557059961314,0.0743,0.425576027
2030-11-19 15:00:00,0.06140000000000001,0.13129980657640233,0.0155,0.42478317
2030-11-19 16:00:00,0.062400000000000004,0.18117814313346228,0.0,0.423990314
2030-11-19 17:00:00,0.0536,0.2474268858800774,0.0,0.42319745700000005
2030-11-19 18:00:00,0.0539,0.30233384912959377,0.0,0.422404601
2030-11-19 19:00:00,0.07039999999999999,0.34355570599613156,0.0,0.421611744
2030-11-19 20:00:00,0.0859,0.35842030947775627,0.0,0.42081888799999995
2030-11-19 21:00:00,0.0829,0.3475100580270793,0.0,0.420026031
2030-11-19 22:00:00,0.0884,0.3354491295938104,0.0,0.419233174
2030-11-19 23:00:00,0.12360000000000002,0.3281605415860735,0.0,0.418440318
2030-11-20 00:00:00,0.1417,0.31875938104448737,0.0,0.417647461
2030-11-20 01:00:00,0.15699999999999997,0.3116301740812379,0.0,0.416883116
2030-11-20 02:00:00,0.1574,0.29684023210831717,0.0,0.416118771
2030-11-20 03:00:00,0.1822,0.2765458413926499,0.0,0.415354426
2030-11-20 04:00:00,0.1881,0.27112611218568666,0.0,0.414590081
2030-11-20 05:00:00,0.1805,0.25926963249516444,0.0,0.413825736
2030-11-20 06:00:00,0.1847,0.25133907156673113,0.0035,0.413061391
2030-11-20 07:00:00,0.1565,0.2341661508704062,0.0678,0.412297046
2030-11-20 08:00:00,0.1502,0.22082978723404253,0.1749,0.411532701
2030-11-20 09:00:00,0.1417,0.2030230174081238,0.2666,0.410768356
2030-11-20 10:00:00,0.1427,0.19287040618955514,0.3211,0.410004011
2030-11-20 11:00:00,0.1491,0.1944176015473888,0.3357,0.409239666
2030-11-20 12:00:00,0.1608,0.19961644100580272,0.3069,0.40847532
2030-11-20 13:00:00,0.1735,0.19947833655706,0.2388,0.407710975
2030-11-20 14:00:00,0.1628,0.18812533849129592,0.139,0.40694663
2030-11-20 15:00:00,0.1513,0.18157833655705996,0.0334,0.406182285
2030-11-20 16:00:00,0.1605,0.1876276595744681,0.0,0.40541794
2030-11-20 17:00:00,0.1674,0.1944934235976789,0.0,0.404653595
2030-11-20 18:00:00,0.156,0.19152630560928435,0.0,0.40388925
2030-11-20 19:00:00,0.139,0.18765822050290135,0.0,0.403124905
2030-11-20 20:00:00,0.1393,0.18152050290135396,0.0,0.40236056
2030-11-20 21:00:00,0.1547,0.16263191489361703,0.0,0.401596215
2030-11-20 22:00:00,0.1652,0.1452649903288201,0.0,0.40083187
2030-11-20 23:00:00,0.1623,0.1389145067698259,0.0,0.400067525
2030-11-21 00:00:00,0.1512,0.14125609284332688,0.0,0.39930318
2030-11-21 01:00:00,0.132,0.14842185686653772,0.0,0.398600768
2030-11-21 02:00:00,0.10919999999999999,0.15194274661508703,0.0,0.397898356
2030-11-21 03:00:00,0.0926,0.1556636363636364,0.0,0.39719594399999997
2030-11-21 04:00:00,0.0834,0.16099845261121856,0.0,0.39649353200000004
2030-11-21 05:00:00,0.0787,0.1584139264990329,0.0,0.395791121
2030-11-21 06:00:00,0.0761,0.15282823984526112,0.0047,0.395088709
2030-11-21 07:00:00,0.0599,0.13502495164410058,0.078,0.39438629700000005
2030-11-21 08:00:00,0.06149999999999999,0.13180251450676983,0.1941,0.393683885
2030-11-21 09:00:00,0.0641,0.11949419729206964,0.3073,0.39298147299999997
2030-11-21 10:00:00,0.056900000000000006,0.09873172147001935,0.3744,0.39227906100000004
2030-11-21 11:00:00,0.0534,0.09074661508704061,0.391,0.39157665
2030-11-21 12:00:00,0.0527,0.09060715667311413,0.3558,0.390874238
2030-11-21 13:00:00,0.0505,0.08961005802707929,0.2757,0.390171826
2030-11-21 14:00:00,0.047,0.08950135396518376,0.154,0.38946941399999996
2030-11-21 15:00:00,0.0502,0.11063771760154738,0.0304,0.38876700200000003
2030-11-21 16:00:00,0.0563,0.14882166344294004,0.0,0.388064591
2030-11-21 17:00:00,0.0539,0.18979941972920697,0.0,0.387362179
2030-11-21 18:00:00,0.0509,0.218642746615087,0.0,0.38665976700000004
2030-11-21 19:00:00,0.0479,0.21969129593810446,0.0,0.385957355
2030-11-21 20:00:00,0.0452,0.21065396518375237,0.0,0.38525494299999996
2030-11-21 21:00:00,0.0447,0.17764158607350097,0.0,0.38455253100000003
2030-11-21 22:00:00,0.0445,0.13706673114119922,0.0,0.38385012
2030-11-21 23:00:00,0.0444,0.11410406189555125,0.0,0.383147708
2030-11-22 00:00:00,0.0445,0.10305570599613154,0.0,0.382445296
2030-11-22 01:00:00,0.0445,0.09524061895551257,0.0,0.381796581
2030-11-22 02:00:00,0.0463,0.09324603481624756,0.0,0.381147866
2030-11-22 03:00:00,0.0477,0.09947272727272727,0.0,0.38049915
2030-11-22 04:00:00,0.0491,0.10737833655705996,0.0,0.379850435
2030-11-22 05:00:00,0.0452,0.11330986460348162,0.0,0.37920172
2030-11-22 06:00:00,0.037399999999999996,0.11683442940038684,0.0065,0.378553005
2030-11-22 07:00:00,0.0267,0.09442263056092844,0.0673,0.37790429
2030-11-22 08:00:00,0.028699999999999996,0.06952688588007737,0.1641,0.377255574
2030-11-22 09:00:00,0.0164,0.04299052224371373,0.2567,0.37660685899999996
2030-11-22 10:00:00,0.0063,0.017618762088974855,0.3026,0.375958144
2030-11-22 11:00:00,0.0025,0.004916827852998067,0.3006,0.37530942899999997
2030-11-22 12:00:00,0.0002,9.999999999999999e-05,0.2543,0.374660713
2030-11-22 13:00:00,0.0,0.0,0.1851,0.37401199799999996
2030-11-22 14:00:00,0.0046,0.0023678916827852997,0.0953,0.373363283
2030-11-22 15:00:00,0.018099999999999998,0.010342359767891681,0.0135,0.37271456799999997
2030-11-22 16:00:00,0.022399999999999996,0.013726305609284332,0.0,0.37206585299999995
2030-11-22 17:00:00,0.0185,0.012994197292069633,0.0,0.371417137
2030-11-22 18:00:00,0.0146,0.012197872340425532,0.0,0.37076842200000004
2030-11-22 19:00:00,0.0126,0.013269439071566733,0.0,0.370119707
2030-11-22 20:00:00,0.0143,0.018038104448742747,0.0,0.36947099200000005
2030-11-22 21:00:00,0.0204,0.028704255319148934,0.0,0.36882227700000003
2030-11-22 22:00:00,0.03,0.04701644100580271,0.0,0.36817356100000004
2030-11-22 23:00:00,0.0451,0.05997852998065765,0.0,0.367524846
2030-11-23 00:00:00,0.0656,0.06987195357833656,0.0,0.366876131
2030-11-23 01:00:00,0.0872,0.07635473887814313,0.0,0.366269391
2030-11-23 02:00:00,0.1071,0.074036750483559,0.0,0.365662651
2030-11-23 03:00:00,0.1126,0.058594970986460354,0.0,0.365055911
2030-11-23 04:00:00,0.1071,0.040822823984526115,0.0,0.364449171
2030-11-23 05:00:00,0.0923,0.029495357833655707,0.0,0.363842431
2030-11-23 06:00:00,0.0851,0.023928239845261122,0.0024,0.363235691
2030-11-23 07:00:00,0.0747,0.02626905222437137,0.0554,0.36262895100000003
2030-11-23 08:00:00,0.0667,0.02722495164410058,0.1553,0.36202221100000004
2030-11-23 09:00:00,0.0677,0.025283752417794972,0.2626,0.361415471
2030-11-23 10:00:00,0.06539999999999999,0.022904255319148935,0.3466,0.360808731
2030-11-23 11:00:00,0.0599,0.022404255319148938,0.3897,0.360201991
2030-11-23 12:00:00,0.0581,0.02257833655705996,0.3736,0.359595251
2030-11-23 13:00:00,0.0509,0.0225568665377176,0.3041,0.358988511
2030-11-23 14:00:00,0.0399,0.021610251450676982,0.1832,0.358381771
2030-11-23 15:00:00,0.03230000000000001,0.023834816247582203,0.0353,0.357775031
2030-11-23 16:00:00,0.029700000000000004,0.031430560928433264,0.0,0.357168291
2030-11-23 17:00:00,0.0286,0.040570793036750485,0.0,0.35656155100000003
2030-11-23 18:00:00,0.0291,0.04549090909090909,0.0,0.35595481100000004
2030-11-23 19:00:00,0.0318,0.04726537717601547,0.0,0.355348071
2030-11-23 20:00:00,0.036199999999999996,0.048962088974854934,0.0,0.354741331
2030-11-23 21:00:00,0.037,0.0531558994197292,0.0,0.354134591
2030-11-23 22:00:00,0.0324,0.057853771760154736,0.0,0.353527851
2030-11-23 23:00:00,0.031200000000000002,0.06225783365570599,0.0,0.352921111
2030-11-24 00:00:00,0.0348,0.0626450676982592,0.0,0.352314371
2030-11-24 01:00:00,0.0357,0.06579071566731141,0.0,0.35174335
2030-11-24 02:00:00,0.0308,0.0731046421663443,0.0,0.351172328
2030-11-24 03:00:00,0.0269,0.07938278529980658,0.0,0.35060130700000003
2030-11-24 04:00:00,0.0283,0.08482185686653772,0.0,0.350030286
2030-11-24 05:00:00,0.027299999999999998,0.09345764023210831,0.0,0.349459264
2030-11-24 06:00:00,0.0259,0.0974889748549323,0.0077,0.348888243
2030-11-24 07:00:00,0.0214,0.08340270793036751,0.0868,0.348317221
2030-11-24 08:00:00,0.019,0.06755996131528047,0.2177,0.3477462
2030-11-24 09:00:00,0.0089,0.04808394584139265,0.3444,0.347175178
2030-11-24 10:00:00,0.0002,0.03488201160541587,0.4248,0.346604157
2030-11-24 11:00:00,0.0,0.027722823984526107,0.4401,0.346033135
2030-11-24 12:00:00,0.0001,0.02489980657640232,0.3865,0.345462114
2030-11-24 13:00:00,0.0003,0.026484139264990325,0.2842,0.344891093
2030-11-24 14:00:00,0.0098,0.027133075435203095,0.1499,0.344320071
2030-11-24 15:00:00,0.020500000000000004,0.031537137330754354,0.0247,0.34374905
2030-11-24 16:00:00,0.0198,0.034763442940038684,0.0,0.34317802799999997
2030-11-24 17:00:00,0.0143,0.0358119922630561,0.0,0.342607007
2030-11-24 18:00:00,0.0127,0.038618181818181815,0.0,0.342035985
2030-11-24 19:00:00,0.0137,0.04353230174081238,0.0,0.341464964
2030-11-24 20:00:00,0.013900000000000001,0.05148104448742747,0.0,0.340893942
2030-11-24 21:00:00,0.0151,0.05806305609284334,0.0,0.340322921
2030-11-24 22:00:00,0.0194,0.06129439071566731,0.0,0.33975189899999997
2030-11-24 23:00:00,0.0255,0.06249458413926499,0.0,0.33918087799999996
2030-11-25 00:00:00,0.030399999999999996,0.0634899419729207,0.0,0.338609857
2030-11-25 01:00:00,0.0331,0.06455067698259187,0.0,0.338065842
2030-11-25 02:00:00,0.0353,0.06635705996131529,0.0,0.33752182700000005
2030-11-25 03:00:00,0.0351,0.06373829787234042,0.0,0.33697781200000004
2030-11-25 04:00:00,0.0346,0.06148046421663443,0.0,0.33643379799999995
2030-11-25 05:00:00,0.0389,0.059839071566731135,0.0,0.335889783
2030-11-25 06:00:00,0.0473,0.05965357833655706,0.009,0.335345768
2030-11-25 07:00:00,0.0396,0.05419206963249516,0.0983,0.334801753
2030-11-25 08:00:00,0.018699999999999998,0.04672959381044487,0.2371,0.334257739
2030-11-25 09:00:00,0.017,0.04075822050290134,0.3494,0.333713724
2030-11-25 10:00:00,0.0272,0.04101025145067698,0.4247,0.333169709
2030-11-25 11:00:00,0.03610000000000001,0.03390676982591876,0.4432,0.33262569399999997
2030-11-25 12:00:00,0.039700000000000006,0.025956673114119925,0.4051,0.33208168
2030-11-25 13:00:00,0.0384,0.021787620889748546,0.3107,0.331537665
2030-11-25 14:00:00,0.03230000000000001,0.023125531914893617,0.174,0.33099365
2030-11-25 15:00:00,0.0267,0.0324862669245648,0.0307,0.330449635
2030-11-25 16:00:00,0.0199,0.04360483558994197,0.0,0.32990562100000004
2030-11-25 17:00:00,0.0192,0.047545841392649904,0.0,0.32936160600000003
2030-11-25 18:00:00,0.0258,0.04989806576402321,0.0,0.328817591
2030-11-25 19:00:00,0.0334,0.05094448742746615,0.0,0.328273576
2030-11-25 20:00:00,0.0449,0.05157272727272727,0.0,0.327729562
2030-11-25 21:00:00,0.054599999999999996,0.048983558994197283,0.0,0.32718554699999997
2030-11-25 22:00:00,0.0573,0.045144100580270796,0.0,0.326641532
2030-11-25 23:00:00,0.055,0.04387214700193424,0.0,0.326097517
2030-11-26 00:00:00,0.0519,0.04232611218568665,0.0,0.325553503
2030-11-26 01:00:00,0.049999999999999996,0.039113346228239844,0.0,0.32503538600000004
2030-11-26 02:00:00,0.0548,0.03929903288201161,0.0,0.324517269
2030-11-26 03:00:00,0.0602,0.045291489361702124,0.0,0.323999152
2030-11-26 04:00:00,0.063,0.04967562862669245,0.0,0.323481035
2030-11-26 05:00:00,0.064,0.059708123791102505,0.0,0.32296291899999996
2030-11-26 06:00:00,0.0642,0.06907350096711799,0.0094,0.322444802
2030-11-26 07:00:00,0.05170000000000001,0.07391856866537717,0.09,0.321926685
2030-11-26 08:00:00,0.03830000000000001,0.0780228239845261,0.207,0.321408568
2030-11-26 09:00:00,0.0346,0.08344990328820116,0.3057,0.320890451
2030-11-26 10:00:00,0.0445,0.07676170212765956,0.3697,0.320372334
2030-11-26 11:00:00,0.0558,0.07043558994197292,0.3905,0.319854218
2030-11-26 12:00:00,0.065,0.06458278529980659,0.3601,0.31933610100000004
2030-11-26 13:00:00,0.0707,0.06252398452611219,0.2892,0.318817984
2030-11-26 14:00:00,0.0721,0.06389400386847195,0.1736,0.318299867
2030-11-26 15:00:00,0.0742,0.08125280464216635,0.0296,0.31778175
2030-11-26 16:00:00,0.0807,0.09379632495164411,0.0,0.31726363399999996
2030-11-26 17:00:00,0.0882,0.09917079303675048,0.0,0.316745517
2030-11-26 18:00:00,0.0966,0.10451353965183752,0.0,0.31622740000000005
2030-11-26 19:00:00,0.1174,0.11237311411992262,0.0,0.315709283
2030-11-26 20:00:00,0.1437,0.12025280464216632,0.0,0.315191166
2030-11-26 21:00:00,0.169,0.12291450676982592,0.0,0.314673049
2030-11-26 22:00:00,0.1807,0.1258357833655706,0.0,0.314154933
2030-11-26 23:00:00,0.1825,0.12827659574468084,0.0,0.31363681600000004
2030-11-27 00:00:00,0.1777,0.13026382978723403,0.0,0.313118699
2030-11-27 01:00:00,0.1729,0.13966808510638298,0.0,0.312666713
2030-11-27 02:00:00,0.18,0.16082321083172146,0.0,0.31221472699999997
2030-11-27 03:00:00,0.1937,0.17551837524177952,0.0,0.311762741
2030-11-27 04:00:00,0.1902,0.1928266924564797,0.0,0.311310755
2030-11-27 05:00:00,0.16929999999999998,0.22117833655705996,0.0,0.310858769
2030-11-27 06:00:00,0.16400000000000003,0.2457193423597679,0.0073,0.310406783
2030-11-27 07:00:00,0.1269,0.2579504835589942,0.0479,0.309954797
2030-11-27 08:00:00,0.10049999999999999,0.2704085106382979,0.0961,0.309502811
2030-11-27 09:00:00,0.1283,0.3187094777562863,0.129,0.309050825
2030-11-27 10:00:00,0.14770000000000003,0.3327702127659574,0.1455,0.30859883899999996
2030-11-27 11:00:00,0.1799,0.32971837524177955,0.1383,0.30814685199999997
2030-11-27 12:00:00,0.1852,0.3269081237911025,0.1048,0.307694866
2030-11-27 13:00:00,0.1509,0.31245551257253384,0.0701,0.30724288
2030-11-27 14:00:00,0.12920000000000004,0.3055027079303675,0.0358,0.306790894
2030-11-27 15:00:00,0.1533,0.3636779497098646,0.0049,0.306338908
2030-11-27 16:00:00,0.1672,0.4256446808510639,0.0,0.305886922
2030-11-27 17:00:00,0.1826,0.4718212765957447,0.0,0.305434936
2030-11-27 18:00:00,0.2042,0.517811411992263,0.0,0.30498295
2030-11-27 19:00:00,0.2267,0.5675959381044487,0.0,0.30453096399999996
2030-11-27 20:00:00,0.2999,0.6078918762088975,0.0,0.304078978
2030-11-27 21:00:00,0.3365,0.6242230174081238,0.0,0.303626992
2030-11-27 22:00:00,0.3697,0.6543889748549323,0.0,0.303175006
2030-11-27 23:00:00,0.374,0.6969690522243712,0.0,0.30272302
2030-11-28 00:00:00,0.3627,0.7688485493230174,0.0,0.302271034
2030-11-28 01:00:00,0.3482,0.7987359767891683,0.0,0.30222494
2030-11-28 02:00:00,0.3433,0.7803481624758221,0.0,0.302178847
2030-11-28 03:00:00,0.3495,0.7461551257253386,0.0,0.30213275300000003
2030-11-28 04:00:00,0.37249999999999994,0.6803371373307544,0.0,0.30208666
2030-11-28 05:00:00,0.3655,0.6189398452611218,0.0,0.302040566
2030-11-28 06:00:00,0.329,0.6064814313346228,0.0034,0.301994473
2030-11-28 07:00:00,0.3504,0.6161961315280464,0.0335,0.301948379
2030-11-28 08:00:00,0.38219999999999993,0.6776245647969051,0.0819,0.301902285
2030-11-28 09:00:00,0.6351,0.7856352030947776,0.1289,0.30185619199999997
2030-11-28 10:00:00,0.8101999999999999,0.7760866537717601,0.1522,0.301810098
2030-11-28 11:00:00,0.8565,0.835890909090909,0.1471,0.301764005
2030-11-28 12:00:00,0.8550999999999999,0.8896423597678916,0.1343,0.301717911
2030-11-28 13:00:00,0.8223000000000001,0.8784810444874275,0.1059,0.301671818
2030-11-28 14:00:00,0.7292,0.8314386847195357,0.0617,0.301625724
2030-11-28 15:00:00,0.7731999999999999,0.7974166344294004,0.0096,0.301579631
2030-11-28 16:00:00,0.8048999999999998,0.8149382978723405,0.0,0.301533537
2030-11-28 17:00:00,0.8369999999999999,0.8081870406189555,0.0,0.301487444
2030-11-28 18:00:00,0.8209000000000001,0.7949967117988394,0.0,0.30144135
2030-11-28 19:00:00,0.7823000000000001,0.7854176015473888,0.0,0.301395256
2030-11-28 20:00:00,0.7287,0.7772390715667312,0.0,0.30134916300000003
2030-11-28 21:00:00,0.6790999999999999,0.7678804642166344,0.0,0.301303069
2030-11-28 22:00:00,0.6123000000000001,0.7463607350096712,0.0,0.301256976
2030-11-28 23:00:00,0.5191000000000001,0.711727659574468,0.0,0.301210882
2030-11-29 00:00:00,0.48920000000000013,0.6830512572533849,0.0,0.301164789
2030-11-29 01:00:00,0.49499999999999994,0.6661162475822051,0.0,0.302699577
2030-11-29 02:00:00,0.5059,0.6594495164410058,0.0,0.30423436600000003
2030-11-29 03:00:00,0.5548999999999998,0.6590152804642165,0.0,0.305769154
2030-11-29 04:00:00,0.6194,0.6458034816247582,0.0,0.307303942
2030-11-29 05:00:00,0.6630000000000001,0.6322220502901355,0.0,0.30883873100000003
2030-11-29 06:00:00,0.7244,0.6238988394584138,0.0075,0.310373519
2030-11-29 07:00:00,0.7412,0.6027377176015474,0.0536,0.311908308
2030-11-29 08:00:00,0.7319,0.6061116054158607,0.111,0.31344309600000003
2030-11-29 09:00:00,0.7436,0.6026114119922631,0.1578,0.314977885
2030-11-29 10:00:00,0.7636,0.5988949709864603,0.1883,0.316512673
2030-11-29 11:00:00,0.7643000000000001,0.5889396518375243,0.1964,0.31804746100000003
2030-11-29 12:00:00,0.7556,0.5651719535783365,0.1875,0.31958225
2030-11-29 13:00:00,0.7473,0.5424545454545455,0.1515,0.321117038
2030-11-29 14:00:00,0.6934,0.5294582205029015,0.0879,0.322651827
2030-11-29 15:00:00,0.6882,0.5331974854932302,0.0131,0.324186615
2030-11-29 16:00:00,0.7117,0.5384117988394584,0.0,0.325721404
2030-11-29 17:00:00,0.7484,0.5310522243713733,0.0,0.327256192
2030-11-29 18:00:00,0.7837,0.5158489361702128,0.0,0.32879098
2030-11-29 19:00:00,0.7964000000000001,0.5049905222437137,0.0,0.330325769
2030-11-29 20:00:00,0.7979,0.4952605415860734,0.0,0.331860557
2030-11-29 21:00:00,0.799,0.49105609284332685,0.0,0.33339534600000004
2030-11-29 22:00:00,0.7999999999999999,0.4990553191489362,0.0,0.334930134
2030-11-29 23:00:00,0.7967,0.49628994197292076,0.0,0.33646492299999997
2030-11-30 00:00:00,0.7717999999999999,0.48019226305609286,0.0,0.33799971100000004
2030-11-30 01:00:00,0.7349,0.451042166344294,0.0,0.33978342100000003
2030-11-30 02:00:00,0.6837,0.4090860735009671,0.0,0.34156713
2030-11-30 03:00:00,0.6362000000000001,0.38177969052224375,0.0,0.34335083899999996
2030-11-30 04:00:00,0.5916,0.36404023210831726,0.0,0.345134549
2030-11-30 05:00:00,0.5356,0.35747814313346227,0.0,0.346918258
2030-11-30 06:00:00,0.4747,0.360926499032882,0.0053,0.348701968
2030-11-30 07:00:00,0.3967,0.3458369439071567,0.0565,0.35048567700000005
2030-11-30 08:00:00,0.3514,0.3232978723404255,0.1406,0.35226938700000004
2030-11-30 09:00:00,0.3524999999999999,0.31323442940038687,0.2117,0.354053096
2030-11-30 10:00:00,0.326,0.32540019342359766,0.2483,0.355836805
2030-11-30 11:00:00,0.2619,0.3566818181818182,0.2515,0.357620515
2030-11-30 12:00:00,0.1823,0.37459342359767894,0.2279,0.359404224
2030-11-30 13:00:00,0.1072,0.37424177949709864,0.1709,0.361187934
2030-11-30 14:00:00,0.0494,0.3490276595744681,0.0941,0.36297164299999995
2030-11-30 15:00:00,0.0292,0.3145773694390716,0.0151,0.36475535299999995
2030-11-30 16:00:00,0.0262,0.29825551257253385,0.0,0.366539062
2030-11-30 17:00:00,0.0282,0.2715725338491296,0.0,0.368322771
2030-11-30 18:00:00,0.0351,0.2432127659574468,0.0,0.370106481
2030-11-30 19:00:00,0.0489,0.22854816247582205,0.0,0.37189019
2030-11-30 20:00:00,0.0679,0.21839284332688588,0.0,0.3736739
2030-11-30 21:00:00,0.0909,0.20484912959381044,0.0,0.37545760899999997
2030-11-30 22:00:00,0.11990000000000002,0.18796576402321083,0.0,0.37724131899999996
2030-11-30 23:00:00,0.1402,0.16759671179883948,0.0,0.379025028
2030-12-01 00:00:00,0.1489,0.14373191489361703,0.0,0.380808737
2030-12-01 01:00:00,0.1497,0.1133239845261122,0.0,0.38174367600000003
2030-12-01 02:00:00,0.14770000000000003,0.08018742746615087,0.0,0.382678615
2030-12-01 03:00:00,0.1547,0.058610058027079304,0.0,0.38361355399999997
2030-12-01 04:00:00,0.1578,0.05381489361702128,0.0,0.384548492
2030-12-01 05:00:00,0.1676,0.057714700193423604,0.0,0.385483431
2030-12-01 06:00:00,0.1864,0.05844758220502902,0.0072,0.38641837
2030-12-01 07:00:00,0.1953,0.06727369439071568,0.0657,0.38735330799999995
2030-12-01 08:00:00,0.1723,0.08373268858800773,0.1566,0.38828824700000003
2030-12-01 09:00:00,0.22760000000000002,0.10499767891682785,0.231,0.389223186
2030-12-01 10:00:00,0.2117,0.13135087040618956,0.2713,0.390158125
2030-12-01 11:00:00,0.1861,0.15837717601547388,0.2675,0.39109306299999996
2030-12-01 12:00:00,0.16479999999999997,0.18156537717601548,0.2343,0.39202800200000004
2030-12-01 13:00:00,0.1367,0.188126499032882,0.1709,0.392962941
2030-12-01 14:00:00,0.1267,0.1859352030947776,0.0858,0.39389788
2030-12-01 15:00:00,0.14479999999999998,0.19709709864603478,0.0108,0.394832818
2030-12-01 16:00:00,0.16100000000000003,0.21007698259187624,0.0,0.39576775700000005
2030-12-01 17:00:00,0.162,0.21828568665377177,0.0,0.396702696
2030-12-01 18:00:00,0.1493,0.21565087040618955,0.0,0.39763763399999996
2030-12-01 19:00:00,0.1439,0.2055980657640232,0.0,0.398572573
2030-12-01 20:00:00,0.1313,0.19637543520309475,0.0,0.399507512
2030-12-01 21:00:00,0.12969999999999998,0.20349922630560932,0.0,0.40044245100000003
2030-12-01 22:00:00,0.12749999999999997,0.21503326885880078,0.0,0.401377389
2030-12-01 23:00:00,0.1207,0.22148588007736947,0.0,0.402312328
2030-12-02 00:00:00,0.1089,0.2239056092843327,0.0,0.403247267
2030-12-02 01:00:00,0.0895,0.23100348162475823,0.0,0.403627024
2030-12-02 02:00:00,0.0657,0.25860773694390715,0.0,0.40400678100000004
2030-12-02 03:00:00,0.0564,0.28440502901353965,0.0,0.40438653799999996
2030-12-02 04:00:00,0.05940000000000001,0.2837297872340425,0.0,0.404766295
2030-12-02 05:00:00,0.0684,0.2722912959381044,0.0,0.40514605200000003
2030-12-02 06:00:00,0.08519999999999998,0.2651379110251451,0.0018,0.40552580899999996
2030-12-02 07:00:00,0.1042,0.2551338491295938,0.0491,0.405905566
2030-12-02 08:00:00,0.13409999999999997,0.2570707930367505,0.1533,0.406285323
2030-12-02 09:00:00,0.1528,0.2894796905222437,0.2562,0.40666508
2030-12-02 10:00:00,0.17919999999999997,0.3464228239845261,0.324,0.40704483700000005
2030-12-02 11:00:00,0.2125,0.41437872340425536,0.3397,0.40742459299999995
2030-12-02 12:00:00,0.2169,0.4740201160541586,0.3192,0.40780435
2030-12-02 13:00:00,0.1876,0.49985531914893616,0.2582,0.408184107
2030-12-02 14:00:00,0.15210000000000004,0.5004143133462282,0.15,0.408563864
2030-12-02 15:00:00,0.16479999999999997,0.4907758220502902,0.0257,0.40894362100000003
2030-12-02 16:00:00,0.1935,0.4834071566731141,0.0,0.40932337799999996
2030-12-02 17:00:00,0.23909999999999998,0.4916553191489361,0.0,0.409703135
2030-12-02 18:00:00,0.3002,0.5289568665377176,0.0,0.41008289200000003
2030-12-02 19:00:00,0.3341,0.5486620889748549,0.0,0.410462649
2030-12-02 20:00:00,0.3275,0.5904011605415861,0.0,0.410842406
2030-12-02 21:00:00,0.3156999999999999,0.640595744680851,0.0,0.411222163
2030-12-02 22:00:00,0.2993,0.6731112185686653,0.0,0.41160192
2030-12-02 23:00:00,0.2953,0.7082773694390716,0.0,0.41198167700000005
2030-12-03 00:00:00,0.2937,0.6985334622823985,0.0,0.41236143399999997
2030-12-03 01:00:00,0.3990000000000001,0.6903638297872341,0.0,0.41243136700000005
2030-12-03 02:00:00,0.43450000000000005,0.6853193423597679,0.0,0.412501299
2030-12-03 03:00:00,0.398,0.6999334622823984,0.0,0.41257123100000004
2030-12-03 04:00:00,0.25010000000000004,0.7341257253384913,0.0,0.412641163
2030-12-03 05:00:00,0.2951,0.7721522243713733,0.0,0.412711096
2030-12-03 06:00:00,0.4082,0.780053578336557,0.0034,0.412781028
2030-12-03 07:00:00,0.531,0.781637911025145,0.1037,0.41285096
2030-12-03 08:00:00,0.6834,0.8184852998065765,0.2619,0.41292089299999996
2030-12-03 09:00:00,0.7164,0.8349514506769825,0.3741,0.412990825
2030-12-03 10:00:00,0.7857,0.8345481624758221,0.4375,0.41306075700000006
2030-12-03 11:00:00,0.8161,0.8245450676982591,0.4599,0.41313069
2030-12-03 12:00:00,0.7673,0.7999315280464218,0.4374,0.413200622
2030-12-03 13:00:00,0.6385,0.7612883945841392,0.355,0.413270554
2030-12-03 14:00:00,0.44700000000000006,0.7108719535783367,0.2263,0.41334048700000003
2030-12-03 15:00:00,0.3102,0.6494601547388781,0.0386,0.413410419
2030-12-03 16:00:00,0.2237,0.5813441005802709,0.0,0.413480351
2030-12-03 17:00:00,0.18500000000000003,0.5206226305609285,0.0,0.41355028299999996
2030-12-03 18:00:00,0.1688,0.4702218568665377,0.0,0.41362021600000004
2030-12-03 19:00:00,0.158,0.43581489361702125,0.0,0.413690148
2030-12-03 20:00:00,0.144,0.4099733075435203,0.0,0.41376008
2030-12-03 21:00:00,0.1269,0.3622408123791102,0.0,0.413830013
2030-12-03 22:00:00,0.12450000000000001,0.3140276595744681,0.0,0.413899945
2030-12-03 23:00:00,0.13770000000000002,0.2736845261121857,0.0,0.41396987700000004
2030-12-04 00:00:00,0.1592,0.23915009671179882,0.0,0.41403981
2030-12-04 01:00:00,0.1961,0.21646286266924566,0.0,0.413919349
2030-12-04 02:00:00,0.2517,0.19816885880077367,0.0,0.413798888
2030-12-04 03:00:00,0.2951,0.1922771760154739,0.0,0.413678427
2030-12-04 04:00:00,0.3072,0.1982715667311412,0.0,0.413557966
2030-12-04 05:00:00,0.3189,0.20001315280464213,0.0,0.413437505
2030-12-04 06:00:00,0.37049999999999994,0.20896711798839457,0.0092,0.41331704399999997
2030-12-04 07:00:00,0.3889,0.20945996131528047,0.0617,0.41319658299999995
2030-12-04 08:00:00,0.429,0.21076286266924563,0.1266,0.41307612200000005
2030-12-04 09:00:00,0.575,0.23781702127659576,0.1808,0.41295566100000003
2030-12-04 10:00:00,0.5786,0.27966499032882014,0.2147,0.4128352
2030-12-04 11:00:00,0.5991000000000001,0.3166970986460348,0.2159,0.412714739
2030-12-04 12:00:00,0.5966000000000001,0.3419410058027079,0.1895,0.412594278
2030-12-04 13:00:00,0.5701,0.3666721470019342,0.1449,0.412473817
2030-12-04 14:00:00,0.6036,0.37349458413926506,0.0766,0.412353356
2030-12-04 15:00:00,0.6453,0.39936866537717597,0.0092,0.412232895
2030-12-04 16:00:00,0.6963,0.44718471953578326,0.0,0.41211243399999997
2030-12-04 17:00:00,0.6944,0.4815174081237911,0.0,0.41199197299999996
2030-12-04 18:00:00,0.6559,0.5245675048355899,0.0,0.41187151200000005
2030-12-04 19:00:00,0.5763,0.5687872340425533,0.0,0.41175105100000003
2030-12-04 20:00:00,0.5328999999999999,0.6171268858800774,0.0,0.41163059
2030-12-04 21:00:00,0.5543000000000001,0.6544156673114121,0.0,0.411510129
2030-12-04 22:00:00,0.5291,0.6802634429400387,0.0,0.411389668
2030-12-04 23:00:00,0.5043,0.6486112185686653,0.0,0.411269207
2030-12-05 00:00:00,0.5090000000000001,0.5900454545454545,0.0,0.411148746
2030-12-05 01:00:00,0.4836,0.525837330754352,0.0,0.41092382200000005
2030-12-05 02:00:00,0.417,0.49315454545454546,0.0,0.410698899
2030-12-05 03:00:00,0.3753000000000001,0.5061394584139264,0.0,0.410473975
2030-12-05 04:00:00,0.3676,0.5407676982591876,0.0,0.41024905100000003
2030-12-05 05:00:00,0.3341,0.564801160541586,0.0,0.410024127
2030-12-05 06:00:00,0.28819999999999996,0.5610021276595746,0.0066,0.40979920299999995
2030-12-05 07:00:00,0.20329999999999998,0.5389437137330754,0.1032,0.409574279
2030-12-05 08:00:00,0.1812,0.581272920696325,0.2395,0.409349356
2030-12-05 09:00:00,0.22839999999999996,0.5762251450676983,0.3335,0.40912443200000004
2030-12-05 10:00:00,0.3002,0.539968665377176,0.3758,0.40889950799999997
2030-12-05 11:00:00,0.3221,0.505152417794971,0.3662,0.408674584
2030-12-05 12:00:00,0.28200000000000003,0.4831965183752418,0.3118,0.40844966
2030-12-05 13:00:00,0.2346,0.47049535783365576,0.2219,0.40822473600000003
2030-12-05 14:00:00,0.1874,0.4447462282398453,0.1102,0.407999812
2030-12-05 15:00:00,0.1656,0.4202839458413926,0.0138,0.407774889
2030-12-05 16:00:00,0.1287,0.4155392649903288,0.0,0.407549965
2030-12-05 17:00:00,0.09499999999999999,0.42555667311411993,0.0,0.407325041
2030-12-05 18:00:00,0.0959,0.44113365570599616,0.0,0.40710011700000004
2030-12-05 19:00:00,0.1141,0.44622823984526117,0.0,0.40687519299999997
2030-12-05 20:00:00,0.132,0.43123733075435206,0.0,0.406650269
2030-12-05 21:00:00,0.163,0.4072431334622824,0.0,0.406425346
2030-12-05 22:00:00,0.17510000000000003,0.39859535783365574,0.0,0.406200422
2030-12-05 23:00:00,0.1678,0.4191860735009671,0.0,0.405975498
2030-12-06 00:00:00,0.1552,0.45274255319148937,0.0,0.405750574
2030-12-06 01:00:00,0.1525,0.4679769825918762,0.0,0.405466806
2030-12-06 02:00:00,0.1407,0.47937640232108314,0.0,0.405183037
2030-12-06 03:00:00,0.1119,0.48316441005802707,0.0,0.404899269
2030-12-06 04:00:00,0.0823,0.45424332688588015,0.0,0.404615501
2030-12-06 05:00:00,0.0628,0.43762379110251454,0.0,0.40433173200000005
2030-12-06 06:00:00,0.0516,0.42720502901353963,0.005,0.404047964
2030-12-06 07:00:00,0.0366,0.40760947775628625,0.091,0.403764196
2030-12-06 08:00:00,0.0414,0.4724336557059961,0.2435,0.40348042700000003
2030-12-06 09:00:00,0.06759999999999998,0.4976676982591876,0.3583,0.403196659
2030-12-06 10:00:00,0.0861,0.5296733075435203,0.4122,0.40291289
2030-12-06 11:00:00,0.1063,0.5668698259187621,0.4231,0.402629122
2030-12-06 12:00:00,0.1257,0.5960796905222437,0.386,0.402345354
2030-12-06 13:00:00,0.1442,0.6078707930367505,0.3069,0.402061585
2030-12-06 14:00:00,0.1511,0.5907611218568666,0.1842,0.40177781700000004
2030-12-06 15:00:00,0.1473,0.5790800773694391,0.0283,0.40149404899999996
2030-12-06 16:00:00,0.1701,0.5620220502901354,0.0,0.40121028
2030-12-06 17:00:00,0.1889,0.5418940038684719,0.0,0.400926512
2030-12-06 18:00:00,0.1674,0.5131483558994197,0.0,0.400642744
2030-12-06 19:00:00,0.14849999999999997,0.48911179883945843,0.0,0.400358975
2030-12-06 20:00:00,0.1314,0.47522959381044483,0.0,0.40007520700000004
2030-12-06 21:00:00,0.1136,0.4451533849129594,0.0,0.39979143899999997
2030-12-06 22:00:00,0.096,0.4141808510638298,0.0,0.39950767
2030-12-06 23:00:00,0.08200000000000002,0.38542147001934235,0.0,0.399223902
2030-12-07 00:00:00,0.076,0.3540143133462283,0.0,0.398940134
2030-12-07 01:00:00,0.0769,0.33055473887814313,0.0,0.39858160200000003
2030-12-07 02:00:00,0.0753,0.32585957446808517,0.0,0.39822307
2030-12-07 03:00:00,0.0699,0.33480232108317215,0.0,0.397864538
2030-12-07 04:00:00,0.065,0.34133249516441,0.0,0.397506006
2030-12-07 05:00:00,0.06079999999999999,0.3567791102514507,0.0,0.397147475
2030-12-07 06:00:00,0.0605,0.3570970986460348,0.0069,0.39678894299999995
2030-12-07 07:00:00,0.0494,0.3158882011605415,0.0943,0.39643041100000004
2030-12-07 08:00:00,0.0315,0.2898818181818182,0.2146,0.39607187899999996
2030-12-07 09:00:00,0.0552,0.2576276595744681,0.2936,0.39571334799999996
2030-12-07 10:00:00,0.10340000000000002,0.23256982591876205,0.3295,0.395354816
2030-12-07 11:00:00,0.1544,0.21914893617021275,0.3187,0.394996284
2030-12-07 12:00:00,0.1856,0.217515667311412,0.2592,0.394637752
2030-12-07 13:00:00,0.1907,0.215363829787234,0.175,0.39427922
2030-12-07 14:00:00,0.1646,0.1991460348162476,0.0866,0.393920689
2030-12-07 15:00:00,0.1841,0.2183764023210832,0.0107,0.393562157
2030-12-07 16:00:00,0.2729,0.24237330754352032,0.0,0.393203625
2030-12-07 17:00:00,0.3264,0.24572572533849127,0.0,0.392845093
2030-12-07 18:00:00,0.3990000000000001,0.24036576402321083,0.0,0.39248656200000004
2030-12-07 19:00:00,0.44310000000000005,0.22875744680851062,0.0,0.39212803
2030-12-07 20:00:00,0.5050000000000001,0.2316247582205029,0.0,0.391769498
2030-12-07 21:00:00,0.5009,0.2536284332688588,0.0,0.391410966
2030-12-07 22:00:00,0.49620000000000003,0.32222901353965183,0.0,0.391052434
2030-12-07 23:00:00,0.5807999999999999,0.4168810444874275,0.0,0.39069390299999995
2030-12-08 00:00:00,0.6657,0.4969700193423598,0.0,0.39033537100000004
2030-12-08 01:00:00,0.7379,0.5393489361702127,0.0,0.38995640600000003
2030-12-08 02:00:00,0.7931,0.584700580270793,0.0,0.389577441
2030-12-08 03:00:00,0.7742,0.6401441005802707,0.0,0.389198476
2030-12-08 04:00:00,0.7322999999999998,0.6653580270793037,0.0,0.388819511
2030-12-08 05:00:00,0.6462,0.6811,0.0,0.388440546
2030-12-08 06:00:00,0.4353,0.6908411992263057,0.0024,0.388061581
2030-12-08 07:00:00,0.2449,0.6995411992263055,0.0724,0.38768261600000004
2030-12-08 08:00:00,0.1552,0.7224350096711799,0.1895,0.387303651
2030-12-08 09:00:00,0.0949,0.7602315280464216,0.2645,0.386924686
2030-12-08 10:00:00,0.0898,0.7781210831721469,0.299,0.386545721
2030-12-08 11:00:00,0.0756,0.7803473887814314,0.3085,0.386166756
2030-12-08 12:00:00,0.0891,0.7966883945841393,0.2939,0.385787791
2030-12-08 13:00:00,0.12219999999999999,0.7484350096711799,0.2359,0.38540882600000004
2030-12-08 14:00:00,0.0987,0.7467663442940039,0.1405,0.38502986100000003
2030-12-08 15:00:00,0.055600000000000004,0.7241825918762089,0.0206,0.384650896
2030-12-08 16:00:00,0.0225,0.6886023210831721,0.0,0.384271931
2030-12-08 17:00:00,0.0177,0.6795872340425531,0.0,0.383892966
2030-12-08 18:00:00,0.0406,0.6805193423597679,0.0,0.383514001
2030-12-08 19:00:00,0.0621,0.6858624758220503,0.0,0.38313503600000004
2030-12-08 20:00:00,0.06819999999999998,0.6908549323017409,0.0,0.38275607100000003
2030-12-08 21:00:00,0.0784,0.6846141199226305,0.0,0.382377106
2030-12-08 22:00:00,0.11089999999999998,0.6741707930367504,0.0,0.381998141
2030-12-08 23:00:00,0.1552,0.6398470019342359,0.0,0.381619176
2030-12-09 00:00:00,0.2921,0.6374435203094777,0.0,0.381240211
2030-12-09 01:00:00,0.5148999999999999,0.636226499032882,0.0,0.38092761399999997
2030-12-09 02:00:00,0.7573,0.6501930367504836,0.0,0.38061501799999997
2030-12-09 03:00:00,0.7921999999999999,0.6922158607350096,0.0,0.380302421
2030-12-09 04:00:00,0.81,0.7325326885880077,0.0,0.379989825
2030-12-09 05:00:00,0.7816,0.7463172147001934,0.0,0.379677228
2030-12-09 06:00:00,0.7578,0.7563382978723404,0.0017,0.379364631
2030-12-09 07:00:00,0.7534,0.7808218568665377,0.1076,0.379052035
2030-12-09 08:00:00,0.8183,0.8189941972920697,0.2719,0.378739438
2030-12-09 09:00:00,0.8649,0.7936893617021278,0.3894,0.378426841
2030-12-09 10:00:00,0.8617,0.7448852998065764,0.4572,0.378114245
2030-12-09 11:00:00,0.862,0.6931311411992263,0.4721,0.377801648
2030-12-09 12:00:00,0.8681999999999999,0.6376709864603481,0.4346,0.37748905200000005
2030-12-09 13:00:00,0.862,0.5861452611218568,0.3508,0.377176455
2030-12-09 14:00:00,0.838,0.5229433268858801,0.2101,0.376863858
2030-12-09 15:00:00,0.7687000000000002,0.48193462282398447,0.0288,0.37655126200000005
2030-12-09 16:00:00,0.6757,0.4804669245647969,0.0,0.376238665
2030-12-09 17:00:00,0.6183,0.5086764023210831,0.0,0.37592606799999995
2030-12-09 18:00:00,0.5786,0.5313334622823985,0.0,0.375613472
2030-12-09 19:00:00,0.5331,0.5450003868471953,0.0,0.375300875
2030-12-09 20:00:00,0.5022,0.5601893617021276,0.0,0.374988279
2030-12-09 21:00:00,0.4647,0.5519899419729207,0.0,0.374675682
2030-12-09 22:00:00,0.4347,0.5458160541586073,0.0,0.374363085
2030-12-09 23:00:00,0.3667,0.5501702127659575,0.0,0.374050489
2030-12-10 00:00:00,0.32270000000000004,0.5567491295938104,0.0,0.373737892
2030-12-10 01:00:00,0.2663,0.5507506769825918,0.0,0.373382924
2030-12-10 02:00:00,0.2082,0.5271379110251451,0.0,0.373027956
2030-12-10 03:00:00,0.1687,0.503536170212766,0.0,0.372672989
2030-12-10 04:00:00,0.1401,0.4764394584139265,0.0,0.372318021
2030-12-10 05:00:00,0.14660000000000004,0.4451651837524178,0.0,0.371963053
2030-12-10 06:00:00,0.1725,0.41255377176015473,0.0092,0.371608085
2030-12-10 07:00:00,0.1652,0.34413558994197285,0.1003,0.371253117
2030-12-10 08:00:00,0.1908,0.3073994197292069,0.2344,0.370898149
2030-12-10 09:00:00,0.31109999999999993,0.30570928433268857,0.3333,0.370543182
2030-12-10 10:00:00,0.4268,0.32695918762088977,0.3853,0.37018821399999996
2030-12-10 11:00:00,0.5163,0.3708029013539652,0.3885,0.369833246
2030-12-10 12:00:00,0.5313,0.4048500967117989,0.3468,0.369478278
2030-12-10 13:00:00,0.5166,0.42645009671179884,0.2579,0.36912331
2030-12-10 14:00:00,0.4808,0.43709961315280466,0.1439,0.368768342
2030-12-10 15:00:00,0.4916,0.44175106382978724,0.018,0.368413375
2030-12-10 16:00:00,0.4966999999999999,0.4735580270793037,0.0,0.36805840700000003
2030-12-10 17:00:00,0.48390000000000005,0.5180930367504836,0.0,0.36770343899999997
2030-12-10 18:00:00,0.46119999999999994,0.5742371373307543,0.0,0.367348471
2030-12-10 19:00:00,0.4446,0.6066326885880077,0.0,0.36699350299999994
2030-12-10 20:00:00,0.4462,0.6378707930367504,0.0,0.366638535
2030-12-10 21:00:00,0.48960000000000004,0.6604586073500969,0.0,0.36628356799999995
2030-12-10 22:00:00,0.4997,0.6571965183752417,0.0,0.36592859999999994
2030-12-10 23:00:00,0.442,0.6420787234042553,0.0,0.36557363200000004
2030-12-11 00:00:00,0.33109999999999995,0.6113605415860734,0.0,0.36521866399999997
2030-12-11 01:00:00,0.26130000000000003,0.6062965183752417,0.0,0.364833442
2030-12-11 02:00:00,0.3029,0.6133379110251451,0.0,0.364448221
2030-12-11 03:00:00,0.3567,0.6174249516441005,0.0,0.364062999
2030-12-11 04:00:00,0.381,0.6153769825918762,0.0,0.36367777700000004
2030-12-11 05:00:00,0.3533,0.5842003868471953,0.0,0.363292556
2030-12-11 06:00:00,0.376,0.5504402321083172,0.0046,0.36290733399999997
2030-12-11 07:00:00,0.37249999999999994,0.5103390715667312,0.1169,0.362522112
2030-12-11 08:00:00,0.38439999999999996,0.5053510638297873,0.2866,0.362136891
2030-12-11 09:00:00,0.5442,0.4684181818181818,0.4053,0.361751669
2030-12-11 10:00:00,0.5377999999999998,0.41487156673114123,0.4684,0.36136644700000004
2030-12-11 11:00:00,0.4558,0.3757315280464217,0.4752,0.360981226
2030-12-11 12:00:00,0.3526,0.34954294003868475,0.4296,0.36059600399999997
2030-12-11 13:00:00,0.2588,0.3273342359767891,0.3289,0.360210782
2030-12-11 14:00:00,0.1644,0.29914003868471956,0.1864,0.35982556
2030-12-11 15:00:00,0.11589999999999999,0.2856934235976789,0.0238,0.359440339
2030-12-11 16:00:00,0.0891,0.2865038684719536,0.0,0.35905511700000003
2030-12-11 17:00:00,0.0713,0.28166789168278533,0.0,0.358669895
2030-12-11 18:00:00,0.0586,0.2795288201160541,0.0,0.35828467399999997
2030-12-11 19:00:00,0.050600000000000006,0.27737717601547385,0.0,0.357899452
2030-12-11 20:00:00,0.0425,0.27673887814313347,0.0,0.35751423
2030-12-11 21:00:00,0.0373,0.27166885880077374,0.0,0.357129009
2030-12-11 22:00:00,0.04259999999999999,0.26700773694390717,0.0,0.35674378700000003
2030-12-11 23:00:00,0.0541,0.26718955512572534,0.0,0.356358565
2030-12-12 00:00:00,0.0684,0.27601160541586073,0.0,0.35597334399999997
2030-12-12 01:00:00,0.0759,0.30274294003868474,0.0,0.355592003
2030-12-12 02:00:00,0.07440000000000001,0.35211450676982586,0.0,0.355210662
2030-12-12 03:00:00,0.0667,0.36978878143133465,0.0,0.35482932100000003
2030-12-12 04:00:00,0.0642,0.34993307543520313,0.0,0.35444798
2030-12-12 05:00:00,0.0639,0.307558413926499,0.0,0.35406663899999996
2030-12-12 06:00:00,0.06850000000000002,0.25847485493230177,0.0029,0.353685298
2030-12-12 07:00:00,0.0664,0.1982239845261122,0.0959,0.35330395700000006
2030-12-12 08:00:00,0.07940000000000001,0.1672321083172147,0.2559,0.352922616
2030-12-12 09:00:00,0.0777,0.15567214700193424,0.3779,0.352541275
2030-12-12 10:00:00,0.0598,0.14213152804642165,0.4443,0.352159934
2030-12-12 11:00:00,0.0477,0.13384970986460346,0.4556,0.351778593
2030-12-12 12:00:00,0.0441,0.12937485493230172,0.4183,0.35139725200000005
2030-12-12 13:00:00,0.045700000000000005,0.12929419729206965,0.3355,0.351015911
2030-12-12 14:00:00,0.0476,0.12961682785299808,0.2025,0.35063457
2030-12-12 15:00:00,0.0525,0.13034274661508702,0.0285,0.350253229
2030-12-12 16:00:00,0.0456,0.11751818181818181,0.0,0.34987188799999996
2030-12-12 17:00:00,0.0317,0.10017678916827853,0.0,0.34949054700000004
2030-12-12 18:00:00,0.0215,0.08573907156673113,0.0,0.34910920700000003
2030-12-12 19:00:00,0.018600000000000002,0.07115938104448744,0.0,0.348727866
2030-12-12 20:00:00,0.0178,0.05992205029013539,0.0,0.348346525
2030-12-12 21:00:00,0.0185,0.0502266924564797,0.0,0.347965184
2030-12-12 22:00:00,0.0199,0.04250870406189555,0.0,0.34758384299999995
2030-12-12 23:00:00,0.02,0.03818742746615087,0.0,0.347202502
2030-12-13 00:00:00,0.0203,0.03610483558994197,0.0,0.346821161
2030-12-13 01:00:00,0.022,0.03740986460348163,0.0,0.34642596
2030-12-13 02:00:00,0.0242,0.03619593810444874,0.0,0.34603075899999997
2030-12-13 03:00:00,0.0263,0.0398,0.0,0.345635559
2030-12-13 04:00:00,0.030600000000000002,0.050069825918762086,0.0,0.34524035799999997
2030-12-13 05:00:00,0.0382,0.06051624758220502,0.0,0.344845157
2030-12-13 06:00:00,0.0488,0.07605319148936171,0.0035,0.34444995700000003
2030-12-13 07:00:00,0.0512,0.0876963249516441,0.0641,0.344054756
2030-12-13 08:00:00,0.0376,0.09342127659574467,0.1675,0.343659555
2030-12-13 09:00:00,0.0445,0.11092263056092845,0.2449,0.343264355
2030-12-13 10:00:00,0.046099999999999995,0.10281779497098646,0.2859,0.342869154
2030-12-13 11:00:00,0.0396,0.09398781431334624,0.2721,0.342473953
2030-12-13 12:00:00,0.0308,0.08447098646034817,0.2199,0.34207875200000004
2030-12-13 13:00:00,0.022,0.07142495164410058,0.1456,0.34168355200000006
2030-12-13 14:00:00,0.0257,0.06529535783365571,0.0661,0.341288351
2030-12-13 15:00:00,0.0441,0.08906266924564799,0.0064,0.34089315
2030-12-13 16:00:00,0.0616,0.13219767891682785,0.0,0.34049795
2030-12-13 17:00:00,0.07369999999999999,0.1812671179883946,0.0,0.340102749
2030-12-13 18:00:00,0.08629999999999999,0.22927195357833655,0.0,0.33970754799999997
2030-12-13 19:00:00,0.0976,0.2642678916827853,0.0,0.339312348
2030-12-13 20:00:00,0.10120000000000001,0.28057562862669244,0.0,0.33891714700000003
2030-12-13 21:00:00,0.09829999999999998,0.2767338491295938,0.0,0.338521946
2030-12-13 22:00:00,0.1122,0.26267176015473886,0.0,0.33812674600000003
2030-12-13 23:00:00,0.1316,0.25621257253384916,0.0,0.337731545
2030-12-14 00:00:00,0.14770000000000003,0.26977949709864607,0.0,0.337336344
2030-12-14 01:00:00,0.1611,0.27688916827853,0.0,0.336940589
2030-12-14 02:00:00,0.1841,0.2728659574468085,0.0,0.33654483399999996
2030-12-14 03:00:00,0.2127,0.2735551257253385,0.0,0.33614907899999996
2030-12-14 04:00:00,0.2244,0.26608027079303675,0.0,0.33575332399999996
2030-12-14 05:00:00,0.2482,0.25456286266924566,0.0,0.33535756899999997
2030-12-14 06:00:00,0.24450000000000002,0.2363990328820116,0.0016,0.33496181399999997
2030-12-14 07:00:00,0.1842,0.2066117988394584,0.0242,0.33456605899999997
2030-12-14 08:00:00,0.1457,0.1897543520309478,0.0751,0.334170303
2030-12-14 09:00:00,0.1608,0.1776497098646035,0.1333,0.333774548
2030-12-14 10:00:00,0.16149999999999998,0.157542166344294,0.176,0.333378793
2030-12-14 11:00:00,0.3006,0.13778820116054158,0.1921,0.332983038
2030-12-14 12:00:00,0.3694,0.12047485493230174,0.1771,0.332587283
2030-12-14 13:00:00,0.3531000000000001,0.10498878143133462,0.1296,0.332191528
2030-12-14 14:00:00,0.3404,0.10173733075435203,0.065,0.331795773
2030-12-14 15:00:00,0.3347,0.10857678916827852,0.008,0.331400018
2030-12-14 16:00:00,0.3072,0.10619497098646034,0.0,0.331004263
2030-12-14 17:00:00,0.2771,0.12211334622823986,0.0,0.330608508
2030-12-14 18:00:00,0.3072,0.13492088974854932,0.0,0.330212753
2030-12-14 19:00:00,0.2978,0.13427466150870407,0.0,0.32981699800000003
2030-12-14 20:00:00,0.2876,0.14205125725338488,0.0,0.329421242
2030-12-14 21:00:00,0.2824,0.14983984526112185,0.0,0.329025487
2030-12-14 22:00:00,0.3072,0.1408698259187621,0.0,0.328629732
2030-12-14 23:00:00,0.3473,0.12841895551257254,0.0,0.328233977
2030-12-15 00:00:00,0.4308,0.1383431334622824,0.0,0.327838222
2030-12-15 01:00:00,0.48539999999999994,0.1516330754352031,0.0,0.327523883
2030-12-15 02:00:00,0.48749999999999993,0.16444719535783364,0.0,0.32720954399999996
2030-12-15 03:00:00,0.5081,0.18472591876208896,0.0,0.326895205
2030-12-15 04:00:00,0.4681,0.17989574468085107,0.0,0.326580866
2030-12-15 05:00:00,0.4231,0.18002862669245648,0.0,0.326266527
2030-12-15 06:00:00,0.4358,0.17924023210831722,0.0015,0.32595218800000003
2030-12-15 07:00:00,0.4061,0.17536208897485495,0.0226,0.325637849
2030-12-15 08:00:00,0.39319999999999994,0.1754965183752418,0.0726,0.32532351
2030-12-15 09:00:00,0.3971,0.18405764023210833,0.1312,0.32500917100000004
2030-12-15 10:00:00,0.442,0.19775957446808512,0.1754,0.324694832
2030-12-15 11:00:00,0.5096,0.2190502901353965,0.1923,0.324380493
2030-12-15 12:00:00,0.5274,0.24689825918762087,0.1804,0.324066154
2030-12-15 13:00:00,0.5299,0.24359961315280462,0.1405,0.323751815
2030-12-15 14:00:00,0.5673,0.23261586073500964,0.075,0.323437476
2030-12-15 15:00:00,0.5877,0.2237034816247582,0.0092,0.323123137
2030-12-15 16:00:00,0.6050999999999999,0.1980185686653772,0.0,0.322808798
2030-12-15 17:00:00,0.6212,0.16328916827852996,0.0,0.322494459
2030-12-15 18:00:00,0.6284,0.13643907156673116,0.0,0.32218012
2030-12-15 19:00:00,0.6174,0.12421334622823983,0.0,0.321865781
2030-12-15 20:00:00,0.5976,0.12120696324951645,0.0,0.32155144199999997
2030-12-15 21:00:00,0.5702000000000002,0.10826112185686654,0.0,0.321237103
2030-12-15 22:00:00,0.5293,0.09324410058027079,0.0,0.32092276399999997
2030-12-15 23:00:00,0.4645,0.08942630560928434,0.0,0.320608425
2030-12-16 00:00:00,0.4433000000000001,0.0886936170212766,0.0,0.32029408600000003
2030-12-16 01:00:00,0.4529,0.1007558994197292,0.0,0.320178377
2030-12-16 02:00:00,0.4257,0.12698684719535783,0.0,0.320062668
2030-12-16 03:00:00,0.403,0.16741934235976788,0.0,0.319946959
2030-12-16 04:00:00,0.3799,0.20490580270793038,0.0,0.31983125
2030-12-16 05:00:00,0.3508,0.2417980657640232,0.0,0.319715541
2030-12-16 06:00:00,0.3239,0.25642147001934235,0.0015,0.319599832
2030-12-16 07:00:00,0.27,0.2378255319148936,0.0344,0.319484123
2030-12-16 08:00:00,0.2574,0.2539384912959381,0.1251,0.319368414
2030-12-16 09:00:00,0.2892,0.26659903288201164,0.2293,0.319252705
2030-12-16 10:00:00,0.31109999999999993,0.2626611218568665,0.3088,0.319136996
2030-12-16 11:00:00,0.3953999999999999,0.2641386847195358,0.3396,0.319021287
2030-12-16 12:00:00,0.4484,0.25442514506769826,0.3208,0.318905578
2030-12-16 13:00:00,0.4134,0.22541682785299808,0.2588,0.318789869
2030-12-16 14:00:00,0.3102,0.1906806576402321,0.1463,0.318674159
2030-12-16 15:00:00,0.2619,0.18830444874274657,0.0159,0.31855845
2030-12-16 16:00:00,0.27479999999999993,0.23568007736943908,0.0,0.31844274100000003
2030-12-16 17:00:00,0.2758,0.26782379110251453,0.0,0.318327032
2030-12-16 18:00:00,0.2518000000000001,0.3002090909090909,0.0,0.318211323
2030-12-16 19:00:00,0.24649999999999997,0.3096003868471954,0.0,0.31809561399999997
2030-12-16 20:00:00,0.2401,0.31660154738878143,0.0,0.317979905
2030-12-16 21:00:00,0.2165,0.30981972920696327,0.0,0.317864196
2030-12-16 22:00:00,0.1938,0.30837040618955514,0.0,0.31774848699999997
2030-12-16 23:00:00,0.1701,0.2992684719535783,0.0,0.317632778
2030-12-17 00:00:00,0.1433,0.2899129593810445,0.0,0.317517069
2030-12-17 01:00:00,0.129,0.28111914893617024,0.0,0.317492517
2030-12-17 02:00:00,0.1099,0.30859787234042557,0.0,0.317467966
2030-12-17 03:00:00,0.0945,0.2934379110251451,0.0,0.317443414
2030-12-17 04:00:00,0.10219999999999999,0.28177504835589945,0.0,0.317418863
2030-12-17 05:00:00,0.13849999999999998,0.25322843326885885,0.0,0.31739431100000004
2030-12-17 06:00:00,0.1502,0.23894835589941973,0.0012,0.31736976
2030-12-17 07:00:00,0.1439,0.2240806576402321,0.0322,0.317345208
2030-12-17 08:00:00,0.13990000000000002,0.23723442940038686,0.1046,0.31732065600000003
2030-12-17 09:00:00,0.1486,0.280205996131528,0.1798,0.317296105
2030-12-17 10:00:00,0.1872,0.3383856866537718,0.2319,0.317271553
2030-12-17 11:00:00,0.24329999999999996,0.37385647969052227,0.2381,0.317247002
2030-12-17 12:00:00,0.2739,0.37824158607350095,0.2163,0.31722245
2030-12-17 13:00:00,0.2668,0.3518135396518375,0.1585,0.317197899
2030-12-17 14:00:00,0.22959999999999997,0.3259814313346228,0.078,0.317173347
2030-12-17 15:00:00,0.2538,0.342636170212766,0.0104,0.317148796
2030-12-17 16:00:00,0.2458,0.38146479690522245,0.0,0.317124244
2030-12-17 17:00:00,0.2405,0.4290218568665377,0.0,0.317099693
2030-12-17 18:00:00,0.2686,0.4969928433268859,0.0,0.317075141
2030-12-17 19:00:00,0.2808,0.5522609284332688,0.0,0.317050589
2030-12-17 20:00:00,0.29610000000000003,0.5514715667311413,0.0,0.317026038
2030-12-17 21:00:00,0.301,0.5050992263056093,0.0,0.317001486
2030-12-17 22:00:00,0.3265,0.45693945841392647,0.0,0.316976935
2030-12-17 23:00:00,0.3291,0.44207369439071564,0.0,0.316952383
2030-12-18 00:00:00,0.298,0.44662785299806573,0.0,0.31692783199999996
2030-12-18 01:00:00,0.2127,0.46427272727272734,0.0,0.316876432
2030-12-18 02:00:00,0.1837,0.4974878143133462,0.0,0.316825032
2030-12-18 03:00:00,0.18769999999999998,0.520914506769826,0.0,0.31677363199999997
2030-12-18 04:00:00,0.1722,0.5411564796905223,0.0,0.316722232
2030-12-18 05:00:00,0.1819,0.5506605415860735,0.0,0.316670833
2030-12-18 06:00:00,0.1992,0.5595268858800774,0.0019,0.316619433
2030-12-18 07:00:00,0.1927,0.5554992263056092,0.0783,0.316568033
2030-12-18 08:00:00,0.2374,0.6237185686653772,0.2181,0.316516633
2030-12-18 09:00:00,0.27690000000000003,0.6722756286266924,0.338,0.316465233
2030-12-18 10:00:00,0.2684,0.6856473887814314,0.4072,0.31641383300000003
2030-12-18 11:00:00,0.2617,0.688522243713733,0.4259,0.316362433
2030-12-18 12:00:00,0.2582,0.6921729206963249,0.3941,0.316311034
2030-12-18 13:00:00,0.2413,0.6944852998065766,0.3092,0.316259634
2030-12-18 14:00:00,0.1822,0.6795158607350096,0.1693,0.316208234
2030-12-18 15:00:00,0.1791,0.6551605415860735,0.0181,0.316156834
2030-12-18 16:00:00,0.20900000000000002,0.6286711798839459,0.0,0.31610543399999996
2030-12-18 17:00:00,0.2567,0.6183808510638299,0.0,0.316054034
2030-12-18 18:00:00,0.3007,0.6233655705996132,0.0,0.316002634
2030-12-18 19:00:00,0.3431,0.6252017408123791,0.0,0.315951235
2030-12-18 20:00:00,0.3834000000000001,0.6268882011605416,0.0,0.315899835
2030-12-18 21:00:00,0.4457999999999999,0.6255854932301741,0.0,0.315848435
2030-12-18 22:00:00,0.5119,0.6150543520309477,0.0,0.315797035
2030-12-18 23:00:00,0.5138999999999999,0.6005924564796905,0.0,0.315745635
2030-12-19 00:00:00,0.5173,0.583715087040619,0.0,0.315694235
2030-12-19 01:00:00,0.5216,0.5588077369439072,0.0,0.31557036899999996
2030-12-19 02:00:00,0.5289,0.514689748549323,0.0,0.315446502
2030-12-19 03:00:00,0.5426,0.496442166344294,0.0,0.315322636
2030-12-19 04:00:00,0.5288,0.5023725338491296,0.0,0.315198769
2030-12-19 05:00:00,0.5487,0.5100794970986461,0.0,0.315074903
2030-12-19 06:00:00,0.5784,0.5067005802707931,0.0033,0.314951036
2030-12-19 07:00:00,0.5807,0.4912653771760155,0.0916,0.31482717
2030-12-19 08:00:00,0.6393,0.5224288201160542,0.2488,0.314703303
2030-12-19 09:00:00,0.7029,0.5503990328820116,0.3777,0.314579437
2030-12-19 10:00:00,0.7071,0.5534400386847196,0.447,0.31445557
2030-12-19 11:00:00,0.6956000000000001,0.5652996131528046,0.4626,0.314331704
2030-12-19 12:00:00,0.6775,0.5659943907156673,0.4279,0.314207837
2030-12-19 13:00:00,0.6312,0.560403675048356,0.3404,0.314083971
2030-12-19 14:00:00,0.5287,0.544136170212766,0.1952,0.31396010399999996
2030-12-19 15:00:00,0.45740000000000003,0.5095998065764022,0.0229,0.313836238
2030-12-19 16:00:00,0.41750000000000004,0.4766398452611219,0.0,0.313712371
2030-12-19 17:00:00,0.3651,0.44767485493230175,0.0,0.313588505
2030-12-19 18:00:00,0.3668,0.41485473887814317,0.0,0.313464638
2030-12-19 19:00:00,0.3523,0.395841586073501,0.0,0.313340772
2030-12-19 20:00:00,0.32270000000000004,0.38726382978723406,0.0,0.313216905
2030-12-19 21:00:00,0.2953,0.36394216634429394,0.0,0.31309303899999996
2030-12-19 22:00:00,0.29170000000000007,0.33760696324951645,0.0,0.312969172
2030-12-19 23:00:00,0.3031,0.3033114119922631,0.0,0.312845306
2030-12-20 00:00:00,0.3382,0.2727001934235977,0.0,0.312721439
2030-12-20 01:00:00,0.3366,0.25323500967117984,0.0,0.312517107
2030-12-20 02:00:00,0.3122,0.2528655705996131,0.0,0.312312775
2030-12-20 03:00:00,0.2677,0.25398201160541584,0.0,0.312108442
2030-12-20 04:00:00,0.288,0.2514119922630561,0.0,0.31190411
2030-12-20 05:00:00,0.30739999999999995,0.23574255319148937,0.0,0.311699778
2030-12-20 06:00:00,0.27259999999999995,0.2243052224371373,0.0054,0.311495446
2030-12-20 07:00:00,0.2116,0.20018858800773695,0.0924,0.311291114
2030-12-20 08:00:00,0.2304,0.1847574468085106,0.2068,0.31108678100000003
2030-12-20 09:00:00,0.30050000000000004,0.1767402321083172,0.2783,0.310882449
2030-12-20 10:00:00,0.28,0.17042959381044487,0.3162,0.310678117
2030-12-20 11:00:00,0.2664,0.18107640232108319,0.3115,0.310473785
2030-12-20 12:00:00,0.242,0.18625783365570597,0.2572,0.310269452
2030-12-20 13:00:00,0.1961,0.17264274661508708,0.1729,0.31006512
2030-12-20 14:00:00,0.136,0.1513907156673114,0.0741,0.309860788
2030-12-20 15:00:00,0.1026,0.14169497098646033,0.0069,0.309656456
2030-12-20 16:00:00,0.0797,0.13268027079303674,0.0,0.309452124
2030-12-20 17:00:00,0.0565,0.11266363636363637,0.0,0.309247791
2030-12-20 18:00:00,0.0441,0.09458027079303677,0.0,0.30904345899999996
2030-12-20 19:00:00,0.0411,0.08778278529980658,0.0,0.308839127
2030-12-20 20:00:00,0.05450000000000001,0.08796054158607351,0.0,0.308634795
2030-12-20 21:00:00,0.0544,0.07832359767891683,0.0,0.308430462
2030-12-20 22:00:00,0.06230000000000001,0.060701547388781425,0.0,0.30822613
2030-12-20 23:00:00,0.0899,0.0499036750483559,0.0,0.308021798
2030-12-21 00:00:00,0.11010000000000002,0.058115087040618955,0.0,0.30781746600000004
2030-12-21 01:00:00,0.1139,0.08073791102514508,0.0,0.307576227
2030-12-21 02:00:00,0.1207,0.1081644100580271,0.0,0.30733498800000003
2030-12-21 03:00:00,0.12,0.12752514506769827,0.0,0.30709375
2030-12-21 04:00:00,0.1163,0.13452011605415862,0.0,0.306852511
2030-12-21 05:00:00,0.11820000000000001,0.17126499032882012,0.0,0.306611272
2030-12-21 06:00:00,0.1173,0.2227858800773694,0.0009,0.306370033
2030-12-21 07:00:00,0.1042,0.2406688588007737,0.0234,0.306128795
2030-12-21 08:00:00,0.0845,0.23857137330754352,0.0824,0.305887556
2030-12-21 09:00:00,0.1139,0.23811334622823985,0.15,0.305646317
2030-12-21 10:00:00,0.11930000000000002,0.33195938104448736,0.2193,0.305405078
2030-12-21 11:00:00,0.10450000000000001,0.4216199226305609,0.263,0.30516384
2030-12-21 12:00:00,0.07660000000000002,0.44984932301740815,0.245,0.304922601
2030-12-21 13:00:00,0.0534,0.4546957446808511,0.1746,0.304681362
2030-12-21 14:00:00,0.04290000000000001,0.43736460348162476,0.0839,0.304440123
2030-12-21 15:00:00,0.045700000000000005,0.42027640232108315,0.0088,0.304198885
2030-12-21 16:00:00,0.0533,0.40298858800773696,0.0,0.303957646
2030-12-21 17:00:00,0.07259999999999998,0.3433653771760155,0.0,0.30371640699999997
2030-12-21 18:00:00,0.1103,0.29751160541586075,0.0,0.303475168
2030-12-21 19:00:00,0.15210000000000004,0.2904731141199226,0.0,0.30323393
2030-12-21 20:00:00,0.16950000000000004,0.3067355899419729,0.0,0.30299269100000004
2030-12-21 21:00:00,0.1586,0.36668529980657644,0.0,0.302751452
2030-12-21 22:00:00,0.1459,0.3583106382978724,0.0,0.30251021300000003
2030-12-21 23:00:00,0.16,0.3411880077369439,0.0,0.302268975
2030-12-22 00:00:00,0.1564,0.3275292069632495,0.0,0.302027736
2030-12-22 01:00:00,0.1622,0.31928588007736947,0.0,0.301779053
2030-12-22 02:00:00,0.20329999999999998,0.31136499032882015,0.0,0.30153036899999996
2030-12-22 03:00:00,0.2573,0.3068899419729207,0.0,0.301281686
2030-12-22 04:00:00,0.2893,0.2916700193423598,0.0,0.301033002
2030-12-22 05:00:00,0.2542,0.2994268858800774,0.0,0.30078431899999997
2030-12-22 06:00:00,0.242,0.29549941972920696,0.0007,0.300535636
2030-12-22 07:00:00,0.21240000000000003,0.2768700193423597,0.0556,0.300286952
2030-12-22 08:00:00,0.2169,0.31120232108317214,0.1822,0.30003826899999997
2030-12-22 09:00:00,0.3606,0.3676918762088975,0.2931,0.299789585
2030-12-22 10:00:00,0.4645,0.3881690522243714,0.3812,0.299540902
2030-12-22 11:00:00,0.47300000000000003,0.39832611218568664,0.4028,0.29929221899999997
2030-12-22 12:00:00,0.46620000000000006,0.40322688588007743,0.3634,0.299043535
2030-12-22 13:00:00,0.463,0.40022321083172147,0.2792,0.298794852
2030-12-22 14:00:00,0.4144,0.3773970986460348,0.1384,0.298546168
2030-12-22 15:00:00,0.3753000000000001,0.3673148936170213,0.0134,0.298297485
2030-12-22 16:00:00,0.3745,0.35622282398452615,0.0,0.298048802
2030-12-22 17:00:00,0.35319999999999996,0.3444044487427466,0.0,0.297800118
2030-12-22 18:00:00,0.2799,0.32001953578336556,0.0,0.297551435
2030-12-22 19:00:00,0.22289999999999996,0.28564912959381045,0.0,0.29730275100000003
2030-12-22 20:00:00,0.2114,0.26078239845261125,0.0,0.297054068
2030-12-22 21:00:00,0.1639,0.24960638297872342,0.0,0.296805384
2030-12-22 22:00:00,0.1271,0.24539245647969055,0.0,0.29655670100000003
2030-12-22 23:00:00,0.1065,0.23469071566731142,0.0,0.296308018
2030-12-23 00:00:00,0.0928,0.2337825918762089,0.0,0.296059334
2030-12-23 01:00:00,0.0706,0.23959052224371374,0.0,0.295810096
2030-12-23 02:00:00,0.0616,0.23436595744680852,0.0,0.295560859
2030-12-23 03:00:00,0.07149999999999998,0.22422920696324952,0.0,0.295311621
2030-12-23 04:00:00,0.0769,0.2163955512572534,0.0,0.295062383
2030-12-23 05:00:00,0.0678,0.2133355899419729,0.0,0.294813145
2030-12-23 06:00:00,0.0731,0.20094603481624757,0.0056,0.294563908
2030-12-23 07:00:00,0.0762,0.15949284332688587,0.075,0.29431467
2030-12-23 08:00:00,0.0671,0.1220595744680851,0.1848,0.294065432
2030-12-23 09:00:00,0.09609999999999999,0.10866363636363637,0.2747,0.293816194
2030-12-23 10:00:00,0.1168,0.11163172147001933,0.3275,0.293566956
2030-12-23 11:00:00,0.1258,0.1277862669245648,0.3364,0.293317719
2030-12-23 12:00:00,0.12219999999999999,0.1355798839458414,0.3055,0.293068481
2030-12-23 13:00:00,0.1118,0.1436458413926499,0.2365,0.292819243
2030-12-23 14:00:00,0.089,0.14237021276595743,0.1302,0.292570005
2030-12-23 15:00:00,0.0708,0.154642166344294,0.016,0.292320767
2030-12-23 16:00:00,0.0587,0.15762998065764025,0.0,0.29207153
2030-12-23 17:00:00,0.0589,0.14731760154738877,0.0,0.291822292
2030-12-23 18:00:00,0.07149999999999998,0.13366170212765957,0.0,0.291573054
2030-12-23 19:00:00,0.0894,0.1216909090909091,0.0,0.291323816
2030-12-23 20:00:00,0.1129,0.11126769825918761,0.0,0.29107457800000003
2030-12-23 21:00:00,0.13639999999999997,0.10160657640232107,0.0,0.290825341
2030-12-23 22:00:00,0.1428,0.09615686653771761,0.0,0.29057610300000003
2030-12-23 23:00:00,0.1431,0.09983500967117989,0.0,0.290326865
2030-12-24 00:00:00,0.13969999999999996,0.1052183752417795,0.0,0.290077627
2030-12-24 01:00:00,0.1369,0.10907117988394584,0.0,0.28981785600000004
2030-12-24 02:00:00,0.1285,0.11285164410058027,0.0,0.289558085
2030-12-24 03:00:00,0.11089999999999998,0.11575609284332687,0.0,0.289298314
2030-12-24 04:00:00,0.09140000000000001,0.11656305609284333,0.0,0.289038542
2030-12-24 05:00:00,0.0777,0.11498974854932302,0.0,0.288778771
2030-12-24 06:00:00,0.06940000000000002,0.10833210831721471,0.005,0.288519
2030-12-24 07:00:00,0.0578,0.08943133462282397,0.0864,0.288259229
2030-12-24 08:00:00,0.0404,0.05228085106382979,0.2118,0.287999458
2030-12-24 09:00:00,0.0274,0.028041779497098643,0.3096,0.287739686
2030-12-24 10:00:00,0.0257,0.022915087040618953,0.3615,0.287479915
2030-12-24 11:00:00,0.0277,0.020374274661508703,0.3698,0.287220144
2030-12-24 12:00:00,0.029000000000000005,0.01851276595744681,0.327,0.286960373
2030-12-24 13:00:00,0.0317,0.018728239845261122,0.2422,0.28670060199999997
2030-12-24 14:00:00,0.0371,0.02308742746615087,0.119,0.28644083
2030-12-24 15:00:00,0.0523,0.03174990328820116,0.0115,0.28618105899999996
2030-12-24 16:00:00,0.0679,0.033214119922630556,0.0,0.285921288
2030-12-24 17:00:00,0.0913,0.03131179883945841,0.0,0.285661517
2030-12-24 18:00:00,0.1214,0.03130793036750483,0.0,0.285401746
2030-12-24 19:00:00,0.1361,0.03262630560928433,0.0,0.28514197399999996
2030-12-24 20:00:00,0.1345,0.0344257253384913,0.0,0.284882203
2030-12-24 21:00:00,0.1398,0.03608878143133462,0.0,0.284622432
2030-12-24 22:00:00,0.1546,0.03469593810444874,0.0,0.284362661
2030-12-24 23:00:00,0.17549999999999996,0.036207156673114124,0.0,0.28410289
2030-12-25 00:00:00,0.1889,0.044951837524177946,0.0,0.283843118
2030-12-25 01:00:00,0.19879999999999998,0.05400851063829787,0.0,0.283579546
2030-12-25 02:00:00,0.2205,0.0618541586073501,0.0,0.283315973
2030-12-25 03:00:00,0.2303,0.06480116054158608,0.0,0.28305240000000004
2030-12-25 04:00:00,0.2344,0.0684835589941973,0.0,0.282788828
2030-12-25 05:00:00,0.2301,0.08589535783365569,0.0,0.282525255
2030-12-25 06:00:00,0.22760000000000002,0.1058174081237911,0.0042,0.282261682
2030-12-25 07:00:00,0.213,0.12034526112185688,0.0559,0.281998109
2030-12-25 08:00:00,0.1718,0.12870986460348163,0.1433,0.281734537
2030-12-25 09:00:00,0.1418,0.1497439071566731,0.2257,0.281470964
2030-12-25 10:00:00,0.13299999999999998,0.17177098646034816,0.2743,0.28120739100000003
2030-12-25 11:00:00,0.1367,0.18099400386847195,0.2795,0.280943818
2030-12-25 12:00:00,0.1414,0.17845918762088975,0.2429,0.280680246
2030-12-25 13:00:00,0.1356,0.1731030947775629,0.1768,0.280416673
2030-12-25 14:00:00,0.11809999999999998,0.16625996131528045,0.0913,0.2801531
2030-12-25 15:00:00,0.12969999999999998,0.1750183752417795,0.011,0.279889528
2030-12-25 16:00:00,0.1562,0.19676015473887815,0.0,0.279625955
2030-12-25 17:00:00,0.1886,0.22070812379110255,0.0,0.279362382
2030-12-25 18:00:00,0.2292,0.24023094777562862,0.0,0.279098809
2030-12-25 19:00:00,0.26130000000000003,0.25019651837524176,0.0,0.278835237
2030-12-25 20:00:00,0.2658,0.2600731141199226,0.0,0.278571664
2030-12-25 21:00:00,0.2674,0.27800889748549323,0.0,0.27830809100000004
2030-12-25 22:00:00,0.2855,0.29749032882011606,0.0,0.278044518
2030-12-25 23:00:00,0.3073000000000001,0.30923617021276595,0.0,0.27778094600000003
2030-12-26 00:00:00,0.3253,0.31820270793036753,0.0,0.277517373
2030-12-26 01:00:00,0.3493,0.3127632495164411,0.0,0.277248019
2030-12-26 02:00:00,0.3687,0.32182785299806577,0.0,0.276978665
2030-12-26 03:00:00,0.4014,0.29339245647969053,0.0,0.27670931
2030-12-26 04:00:00,0.3972,0.26399864603481626,0.0,0.27643995600000004
2030-12-26 05:00:00,0.3802,0.25042862669245647,0.0,0.276170602
2030-12-26 06:00:00,0.3622,0.23847001934235978,0.0028,0.275901248
2030-12-26 07:00:00,0.3124,0.2111810444874275,0.0467,0.275631893
2030-12-26 08:00:00,0.3338,0.20051063829787233,0.1219,0.27536253899999996
2030-12-26 09:00:00,0.42040000000000005,0.23982901353965183,0.2046,0.275093185
2030-12-26 10:00:00,0.4964,0.2753713733075436,0.2692,0.274823831
2030-12-26 11:00:00,0.5631000000000002,0.2829829787234042,0.2932,0.274554477
2030-12-26 12:00:00,0.6061,0.26929342359767894,0.2798,0.274285122
2030-12-26 13:00:00,0.6021,0.232862669245648,0.2237,0.274015768
2030-12-26 14:00:00,0.521,0.19362727272727273,0.1258,0.273746414
2030-12-26 15:00:00,0.4283,0.17990793036750483,0.0152,0.27347706
2030-12-26 16:00:00,0.33460000000000006,0.17182785299806574,0.0,0.273207705
2030-12-26 17:00:00,0.3128,0.16811798839458414,0.0,0.272938351
2030-12-26 18:00:00,0.3248,0.17835570599613151,0.0,0.27266899699999997
2030-12-26 19:00:00,0.3073000000000001,0.2029961315280464,0.0,0.272399643
2030-12-26 20:00:00,0.2665,0.21824119922630564,0.0,0.27213028899999997
2030-12-26 21:00:00,0.22980000000000003,0.22230522243713732,0.0,0.271860934
2030-12-26 22:00:00,0.2058,0.22293926499032884,0.0,0.27159158
2030-12-26 23:00:00,0.1785,0.21103288201160542,0.0,0.271322226
2030-12-27 00:00:00,0.1543,0.17084448742746616,0.0,0.271052872
2030-12-27 01:00:00,0.1084,0.1266841392649903,0.0,0.270808386
2030-12-27 02:00:00,0.07270000000000001,0.10072050290135397,0.0,0.2705639
2030-12-27 03:00:00,0.0512,0.1028779497098646,0.0,0.270319414
2030-12-27 04:00:00,0.035,0.11803075435203096,0.0,0.270074928
2030-12-27 05:00:00,0.0245,0.13142437137330756,0.0,0.269830442
2030-12-27 06:00:00,0.0201,0.13819516441005802,0.0025,0.269585956
2030-12-27 07:00:00,0.015,0.13598375241779495,0.0665,0.269341471
2030-12-27 08:00:00,0.01,0.13900309477756284,0.1851,0.269096985
2030-12-27 09:00:00,0.0113,0.137526499032882,0.2938,0.26885249899999997
2030-12-27 10:00:00,0.032,0.11962050290135395,0.3727,0.26860801300000003
2030-12-27 11:00:00,0.0686,0.10097756286266925,0.3972,0.268363527
2030-12-27 12:00:00,0.11199999999999999,0.08223075435203095,0.3637,0.268119041
2030-12-27 13:00:00,0.14629999999999999,0.0654907156673114,0.2747,0.267874555
2030-12-27 14:00:00,0.1507,0.05861160541586074,0.1365,0.26763006899999997
2030-12-27 15:00:00,0.173,0.07344526112185687,0.0136,0.267385583
2030-12-27 16:00:00,0.21209999999999998,0.10319129593810443,0.0,0.267141098
2030-12-27 17:00:00,0.2608,0.1380916827852998,0.0,0.266896612
2030-12-27 18:00:00,0.3012,0.16607446808510637,0.0,0.266652126
2030-12-27 19:00:00,0.38219999999999993,0.1868553191489362,0.0,0.26640764
2030-12-27 20:00:00,0.4576,0.21032417794970987,0.0,0.26616315399999996
2030-12-27 21:00:00,0.5229,0.21054294003868468,0.0,0.265918668
2030-12-27 22:00:00,0.5507,0.18950096711798842,0.0,0.265674182
2030-12-27 23:00:00,0.5684000000000001,0.19349922630560928,0.0,0.265429696
2030-12-28 00:00:00,0.5384,0.20851779497098646,0.0,0.26518521100000003
2030-12-28 01:00:00,0.5182000000000001,0.244963249516441,0.0,0.264962425
2030-12-28 02:00:00,0.474,0.2663990328820116,0.0,0.26473964
2030-12-28 03:00:00,0.4646,0.27681972920696324,0.0,0.26451685399999997
2030-12-28 04:00:00,0.4089,0.27484081237911023,0.0,0.26429406899999996
2030-12-28 05:00:00,0.3406,0.2864911025145067,0.0,0.264071283
2030-12-28 06:00:00,0.2907,0.30928471953578335,0.0021,0.263848498
2030-12-28 07:00:00,0.2037,0.33321392649903286,0.0919,0.263625712
2030-12-28 08:00:00,0.1636,0.4313417794970986,0.2503,0.263402927
2030-12-28 09:00:00,0.2325,0.5208667311411992,0.3711,0.26318014100000003
2030-12-28 10:00:00,0.3486,0.5604696324951645,0.4334,0.26295735600000003
2030-12-28 11:00:00,0.3936,0.558604255319149,0.4454,0.26273457
2030-12-28 12:00:00,0.4433000000000001,0.5411837524177949,0.4145,0.262511785
2030-12-28 13:00:00,0.4755,0.5085880077369438,0.3398,0.26228899899999997
2030-12-28 14:00:00,0.46649999999999997,0.47991121856866537,0.1997,0.26206621399999996
2030-12-28 15:00:00,0.4827,0.4598131528046422,0.0248,0.261843428
2030-12-28 16:00:00,0.562,0.4432251450676983,0.0,0.261620643
2030-12-28 17:00:00,0.5415,0.40268220502901353,0.0,0.261397857
2030-12-28 18:00:00,0.5172,0.3930305609284333,0.0,0.261175072
2030-12-28 19:00:00,0.5816999999999999,0.3840671179883946,0.0,0.26095228600000003
2030-12-28 20:00:00,0.6298,0.3673651837524178,0.0,0.26072950100000003
2030-12-28 21:00:00,0.695,0.3495295938104449,0.0,0.260506715
2030-12-28 22:00:00,0.7276,0.34454332688588013,0.0,0.26028393
2030-12-28 23:00:00,0.7187,0.3700514506769826,0.0,0.26006114399999997
2030-12-29 00:00:00,0.7114,0.3756121856866538,0.0,0.25983835899999996
2030-12-29 01:00:00,0.7081,0.38423152804642163,0.0,0.25961589
2030-12-29 02:00:00,0.7299,0.40440502901353964,0.0,0.259393422
2030-12-29 03:00:00,0.7166000000000001,0.43970773694390725,0.0,0.259170953
2030-12-29 04:00:00,0.6961,0.457236750483559,0.0,0.258948484
2030-12-29 05:00:00,0.6654,0.46819806576402323,0.0,0.258726016
2030-12-29 06:00:00,0.6028,0.4472823984526112,0.0032,0.258503547
2030-12-29 07:00:00,0.5107,0.39173500967117986,0.1191,0.258281078
2030-12-29 08:00:00,0.5793,0.4568483558994198,0.2827,0.258058609
2030-12-29 09:00:00,0.584,0.4614667311411993,0.4031,0.257836141
2030-12-29 10:00:00,0.5128,0.4045309477756286,0.4677,0.257613672
2030-12-29 11:00:00,0.4417,0.3665911025145068,0.4778,0.257391203
2030-12-29 12:00:00,0.40129999999999993,0.3442340425531915,0.4378,0.257168735
2030-12-29 13:00:00,0.386,0.324515667311412,0.343,0.25694626600000003
2030-12-29 14:00:00,0.3664,0.30100851063829787,0.1943,0.256723797
2030-12-29 15:00:00,0.3563,0.3044533849129594,0.0253,0.256501329
2030-12-29 16:00:00,0.38149999999999995,0.34525415860735015,0.0,0.25627886
2030-12-29 17:00:00,0.3891,0.34531044487427465,0.0,0.256056391
2030-12-29 18:00:00,0.3251,0.3241916827852998,0.0,0.255833923
2030-12-29 19:00:00,0.2579,0.2987137330754352,0.0,0.25561145399999996
2030-12-29 20:00:00,0.21020000000000003,0.2718901353965184,0.0,0.255388985
2030-12-29 21:00:00,0.1549,0.24571179883945837,0.0,0.255166517
2030-12-29 22:00:00,0.1141,0.22151818181818178,0.0,0.25494404800000003
2030-12-29 23:00:00,0.0804,0.1931348162475822,0.0,0.254721579
2030-12-30 00:00:00,0.06170000000000001,0.17090773694390718,0.0,0.25449911
2030-12-30 01:00:00,0.052199999999999996,0.16210116054158608,0.0,0.254275533
2030-12-30 02:00:00,0.0425,0.16487698259187622,0.0,0.254051956
2030-12-30 03:00:00,0.0348,0.16076769825918763,0.0,0.253828378
2030-12-30 04:00:00,0.0293,0.14717601547388784,0.0,0.253604801
2030-12-30 05:00:00,0.024299999999999995,0.13869206963249514,0.0,0.253381223
2030-12-30 06:00:00,0.0222,0.1329007736943907,0.0056,0.253157646
2030-12-30 07:00:00,0.0175,0.11479767891682786,0.1288,0.252934068
2030-12-30 08:00:00,0.0059,0.08612707930367507,0.2981,0.25271049100000004
2030-12-30 09:00:00,0.0109,0.07167814313346228,0.4196,0.25248691300000004
2030-12-30 10:00:00,0.0055,0.06581237911025145,0.488,0.252263336
2030-12-30 11:00:00,0.0046,0.06554332688588009,0.5029,0.252039758
2030-12-30 12:00:00,0.0073,0.06492359767891683,0.4616,0.25181618100000003
2030-12-30 13:00:00,0.0143,0.06054990328820116,0.3625,0.251592603
2030-12-30 14:00:00,0.0302,0.05426847195357834,0.2053,0.251369026
2030-12-30 15:00:00,0.047499999999999994,0.06255899419729208,0.0241,0.251145448
2030-12-30 16:00:00,0.0458,0.08800444874274663,0.0,0.250921871
2030-12-30 17:00:00,0.0385,0.1292237911025145,0.0,0.250698293
2030-12-30 18:00:00,0.0326,0.16922998065764022,0.0,0.25047471600000004
2030-12-30 19:00:00,0.0301,0.1889071566731141,0.0,0.250251139
2030-12-30 20:00:00,0.039700000000000006,0.19049729206963253,0.0,0.250027561
2030-12-30 21:00:00,0.059,0.1747127659574468,0.0,0.24980398399999998
2030-12-30 22:00:00,0.07479999999999999,0.16726479690522245,0.0,0.249580406
2030-12-30 23:00:00,0.079,0.16788704061895554,0.0,0.24935682899999997
2030-12-31 00:00:00,0.0756,0.16354719535783366,0.0,0.24913325100000003
2030-12-31 01:00:00,0.07149999999999998,0.16001199226305607,0.0,0.24891102
2030-12-31 02:00:00,0.06869999999999998,0.15788181818181818,0.0,0.248688789
2030-12-31 03:00:00,0.06819999999999998,0.15987485493230175,0.0,0.248466558
2030-12-31 04:00:00,0.071,0.15678046421663444,0.0,0.248244327
2030-12-31 05:00:00,0.07330000000000002,0.1498353965183752,0.0,0.24802209600000003
2030-12-31 06:00:00,0.07330000000000002,0.14204390715667312,0.0039,0.247799865
2030-12-31 07:00:00,0.0563,0.11943249516441005,0.1075,0.247577634
2030-12-31 08:00:00,0.0515,0.08419245647969052,0.2776,0.247355402
2030-12-31 09:00:00,0.043699999999999996,0.06202147001934236,0.4068,0.247133171
2030-12-31 10:00:00,0.0292,0.05425493230174081,0.4726,0.24691094
2030-12-31 11:00:00,0.0236,0.052796905222437136,0.4825,0.24668870899999998
2030-12-31 12:00:00,0.025300000000000003,0.06030386847195357,0.4394,0.24646647800000002
2030-12-31 13:00:00,0.030300000000000004,0.07079439071566732,0.3426,0.246244247
2030-12-31 14:00:00,0.036,0.08067466150870406,0.1889,0.246022016
2030-12-31 15:00:00,0.0408,0.09491276595744681,0.0214,0.245799785
2030-12-31 16:00:00,0.0343,0.09674545454545455,0.0,0.24557755399999998
2030-12-31 17:00:00,0.0247,0.08736344294003869,0.0,0.24535532300000001
2030-12-31 18:00:00,0.016,0.07659187620889749,0.0,0.245133092
2030-12-31 19:00:00,0.011,0.06776073500967118,0.0,0.24491086
2030-12-31 20:00:00,0.0128,0.06548974854932302,0.0,0.244688629
2030-12-31 21:00:00,0.0177,0.0679752417794971,0.0,0.244466398
2030-12-31 22:00:00,0.0236,0.07176441005802707,0.0,0.24424416699999998
2030-12-31 23:00:00,0.0315,0.07620657640232109,0.0,0.24402193600000002
